duration=10000

entities={
	
	
	{
		spatialprops={
			orient={
				{
					-0.999385,
					0,
					0.035074
				},
				{
					0,
					1,
					0
				},
				{
					-0.035074,
					0,
					-0.999385
				}
			},
			pos={
				-5.456637,
				0,
				-6.655717
			}
		},
		type=7,
		entity_name="Zg/PC/Player/01/A/Stand",
		lt_grp=0,
		template_name="",
		usr_flg=0,
		srt_grp=0
	},
	{
		srt_grp=0,
		template_name="",
		usr_flg=0,
		ambient={
			168,
			168,
			168
		},
		type=9,
		front=2,
		lt_grp=0,
		up=1,
		spatialprops={
			orient={
				{
					1,
					0,
					0
				},
				{
					0,
					1,
					0
				},
				{
					0,
					0,
					1
				}
			},
			pos={
				0,
				0,
				0
			}
		},
		entity_name="Layer_Br_08_Bar_hardpoint"
	},
	{
		spatialprops={
			orient={
				{
					-0.6976750000000001,
					0,
					-0.716415
				},
				{
					0,
					1,
					0
				},
				{
					0.716415,
					0,
					-0.6976750000000001
				}
			},
			pos={
				-1.308874,
				0,
				0.074407
			}
		},
		type=7,
		entity_name="Zs/NPC/mFloor1/01/P/Stand",
		lt_grp=0,
		template_name="",
		usr_flg=0,
		srt_grp=0
	},
	{
		spatialprops={
			orient={
				{
					-0.6976750000000001,
					0,
					-0.716415
				},
				{
					0,
					1,
					0
				},
				{
					0.716415,
					0,
					-0.6976750000000001
				}
			},
			pos={
				-1.656437,
				0,
				0.450296
			}
		},
		type=7,
		entity_name="Zs/NPC/mFloor1/01/P2/Stand",
		lt_grp=0,
		template_name="",
		usr_flg=0,
		srt_grp=0
	},
	{
		spatialprops={
			orient={
				{
					-0.866339,
					0,
					-0.499456
				},
				{
					0,
					1,
					0
				},
				{
					0.499456,
					0,
					-0.866339
				}
			},
			pos={
				-3.083835,
				0,
				-5.238899
			}
		},
		type=7,
		entity_name="Zs/NPC/mTable4/01/P/Stand",
		lt_grp=0,
		template_name="",
		usr_flg=0,
		srt_grp=0
	},
	{
		spatialprops={
			orient={
				{
					-0.866339,
					0,
					-0.499456
				},
				{
					0,
					1,
					0
				},
				{
					0.499456,
					0,
					-0.866339
				}
			},
			pos={
				-3.315958,
				0,
				-4.782598
			}
		},
		type=7,
		entity_name="Zs/NPC/mTable4/01/P2/Stand",
		lt_grp=0,
		template_name="",
		usr_flg=0,
		srt_grp=0
	},
	{
		srt_grp=0,
		template_name="",
		usr_flg=0,
		type=3,
		lt_grp=0,
		flags=16,
		spatialprops={
			orient={
				{
					-0.819583,
					0,
					0.5729610000000001
				},
				{
					0.09927800000000001,
					0.984874,
					0.14201
				},
				{
					-0.564294,
					0.173271,
					-0.807186
				}
			},
			pos={
				-2.881756,
				1.683849,
				-0.318184
			}
		},
		entity_name="Zs/NPC/mFloor1/01/AC2/Camera",
		cameraprops={
			farplane=4000,
			fovh=30,
			hvaspect=1.85,
			nearplane=0.3
		}
	},
	{
		srt_grp=0,
		template_name="",
		usr_flg=0,
		type=3,
		lt_grp=0,
		flags=16,
		spatialprops={
			orient={
				{
					-0.999619,
					0,
					-0.027586
				},
				{
					-0.005285,
					0.981473,
					0.191526
				},
				{
					0.027075,
					0.191599,
					-0.9811
				}
			},
			pos={
				-1.865507,
				1.781441,
				-0.1739
			}
		},
		entity_name="Zs/NPC/mFloor1/01/ACOH/Camera",
		cameraprops={
			farplane=4000,
			fovh=25,
			hvaspect=1.85,
			nearplane=0.3
		}
	},
	{
		srt_grp=0,
		template_name="",
		usr_flg=0,
		type=3,
		lt_grp=0,
		flags=16,
		spatialprops={
			orient={
				{
					-0.9944150000000001,
					0,
					-0.10554
				},
				{
					-0.008566000000000001,
					0.996701,
					0.080709
				},
				{
					0.105192,
					0.081162,
					-0.991134
				}
			},
			pos={
				-1.965446,
				1.641511,
				0.237219
			}
		},
		entity_name="Zs/NPC/mFloor1/01/ACS/Camera",
		cameraprops={
			farplane=4000,
			fovh=25,
			hvaspect=1.85,
			nearplane=0.3
		}
	},
	{
		srt_grp=0,
		template_name="",
		usr_flg=0,
		type=3,
		lt_grp=0,
		flags=16,
		spatialprops={
			orient={
				{
					-0.995053,
					0,
					-0.09934700000000001
				},
				{
					-0.002859,
					0.999586,
					0.028631
				},
				{
					0.09930600000000001,
					0.028773,
					-0.994641
				}
			},
			pos={
				-2.117506,
				1.679193,
				0.752192
			}
		},
		entity_name="Zs/NPC/mFloor1/01/ACU/Camera",
		cameraprops={
			farplane=4000,
			fovh=25,
			hvaspect=1.85,
			nearplane=0.3
		}
	},
	{
		srt_grp=0,
		template_name="",
		usr_flg=0,
		type=3,
		lt_grp=0,
		flags=16,
		spatialprops={
			orient={
				{
					-0.030357,
					0,
					0.999539
				},
				{
					0.204368,
					0.9788750000000001,
					0.006207
				},
				{
					-0.978423,
					0.204462,
					-0.029716
				}
			},
			pos={
				-3.531158,
				1.729171,
				1.038401
			}
		},
		entity_name="Zs/NPC/mFloor1/01/PC2/Camera",
		cameraprops={
			farplane=4000,
			fovh=30,
			hvaspect=1.85,
			nearplane=0.3
		}
	},
	{
		srt_grp=0,
		template_name="",
		usr_flg=0,
		type=3,
		lt_grp=0,
		flags=16,
		spatialprops={
			orient={
				{
					0.556109,
					0,
					0.831109
				},
				{
					0.141232,
					0.985456,
					-0.0945
				},
				{
					-0.819022,
					0.169932,
					0.548021
				}
			},
			pos={
				-2.905432,
				1.740935,
				1.728739
			}
		},
		entity_name="Zs/NPC/mFloor1/01/PCO/Camera",
		cameraprops={
			farplane=4000,
			fovh=25,
			hvaspect=1.85,
			nearplane=0.3
		}
	},
	{
		srt_grp=0,
		template_name="",
		usr_flg=0,
		type=3,
		lt_grp=0,
		flags=16,
		spatialprops={
			orient={
				{
					0.643057,
					0,
					0.765818
				},
				{
					0.076052,
					0.995057,
					-0.063861
				},
				{
					-0.762033,
					0.09930799999999999,
					0.639878
				}
			},
			pos={
				-2.490703,
				1.664362,
				1.409489
			}
		},
		entity_name="Zs/NPC/mFloor1/01/PCS/Camera",
		cameraprops={
			farplane=4000,
			fovh=25,
			hvaspect=1.85,
			nearplane=0.3
		}
	},
	{
		srt_grp=0,
		template_name="",
		usr_flg=0,
		type=3,
		lt_grp=0,
		flags=16,
		spatialprops={
			orient={
				{
					0.682069,
					0,
					0.7312880000000001
				},
				{
					0.04941,
					0.997715,
					-0.046085
				},
				{
					-0.729616,
					0.067566,
					0.680511
				}
			},
			pos={
				-2.183988,
				1.705401,
				1.077867
			}
		},
		entity_name="Zs/NPC/mFloor1/01/PCU/Camera",
		cameraprops={
			farplane=4000,
			fovh=25,
			hvaspect=1.85,
			nearplane=0.3
		}
	},
	{
		srt_grp=0,
		template_name="",
		usr_flg=0,
		type=3,
		lt_grp=0,
		flags=16,
		spatialprops={
			orient={
				{
					-0.999911,
					0,
					0.013368
				},
				{
					0.008220999999999999,
					0.788569,
					0.614891
				},
				{
					-0.010542,
					0.614946,
					-0.788499
				}
			},
			pos={
				-2.138276,
				1.903228,
				0.271231
			}
		},
		entity_name="Zs/NPC/mFloor1/01/TCI/Camera",
		cameraprops={
			farplane=4000,
			fovh=15,
			hvaspect=1.85,
			nearplane=0.3
		}
	},
	{
		srt_grp=0,
		template_name="",
		usr_flg=0,
		type=3,
		lt_grp=0,
		flags=16,
		spatialprops={
			orient={
				{
					-0.9129620000000001,
					0,
					0.408045
				},
				{
					0.084844,
					0.978144,
					0.189831
				},
				{
					-0.399127,
					0.207929,
					-0.893008
				}
			},
			pos={
				-4.387067,
				1.728715,
				-5.764037
			}
		},
		entity_name="Zs/NPC/mTable4/01/AC2/Camera",
		cameraprops={
			farplane=4000,
			fovh=30,
			hvaspect=1.85,
			nearplane=0.3
		}
	},
	{
		srt_grp=0,
		template_name="",
		usr_flg=0,
		type=3,
		lt_grp=0,
		flags=16,
		spatialprops={
			orient={
				{
					-0.990325,
					0,
					-0.138771
				},
				{
					-0.053041,
					0.92407,
					0.378525
				},
				{
					0.128234,
					0.382223,
					-0.915129
				}
			},
			pos={
				-3.425704,
				1.954735,
				-5.489141
			}
		},
		entity_name="Zs/NPC/mTable4/01/ACOH/Camera",
		cameraprops={
			farplane=4000,
			fovh=20,
			hvaspect=1.85,
			nearplane=0.3
		}
	},
	{
		srt_grp=0,
		template_name="",
		usr_flg=0,
		type=3,
		lt_grp=0,
		flags=16,
		spatialprops={
			orient={
				{
					-0.981716,
					0,
					-0.190349
				},
				{
					-0.023801,
					0.992152,
					0.122752
				},
				{
					0.188855,
					0.125038,
					-0.974012
				}
			},
			pos={
				-3.67835,
				1.309189,
				-4.871882
			}
		},
		entity_name="Zs/NPC/mTable4/01/ACS/Camera",
		cameraprops={
			farplane=4000,
			fovh=20,
			hvaspect=1.85,
			nearplane=0.3
		}
	},
	{
		srt_grp=0,
		template_name="",
		usr_flg=0,
		type=3,
		lt_grp=0,
		flags=16,
		spatialprops={
			orient={
				{
					-0.991737,
					0,
					-0.128291
				},
				{
					-0.012578,
					0.995182,
					0.097233
				},
				{
					0.127673,
					0.09804400000000001,
					-0.986959
				}
			},
			pos={
				-3.955264,
				1.306758,
				-4.039202
			}
		},
		entity_name="Zs/NPC/mTable4/01/ACU/Camera",
		cameraprops={
			farplane=4000,
			fovh=20,
			hvaspect=1.85,
			nearplane=0.3
		}
	},
	{
		srt_grp=0,
		template_name="",
		usr_flg=0,
		type=3,
		lt_grp=0,
		flags=16,
		spatialprops={
			orient={
				{
					-0.104543,
					0,
					0.99452
				},
				{
					0.153198,
					0.9880640000000001,
					0.016104
				},
				{
					-0.98265,
					0.154042,
					-0.103295
				}
			},
			pos={
				-6.16478,
				1.454834,
				-4.081262
			}
		},
		entity_name="Zs/NPC/mTable4/01/PC2/Camera",
		cameraprops={
			farplane=4000,
			fovh=30,
			hvaspect=1.85,
			nearplane=0.3
		}
	},
	{
		srt_grp=0,
		template_name="",
		usr_flg=0,
		type=3,
		lt_grp=0,
		flags=16,
		spatialprops={
			orient={
				{
					0.680673,
					0,
					0.732587
				},
				{
					-0.071684,
					0.995201,
					0.066604
				},
				{
					-0.7290720000000001,
					-0.09785000000000001,
					0.677407
				}
			},
			pos={
				-4.866045,
				1.133606,
				-2.780848
			}
		},
		entity_name="Zs/NPC/mTable4/01/PCO/Camera",
		cameraprops={
			farplane=4000,
			fovh=20,
			hvaspect=1.85,
			nearplane=0.3
		}
	},
	{
		srt_grp=0,
		template_name="",
		usr_flg=0,
		type=3,
		lt_grp=0,
		flags=16,
		spatialprops={
			orient={
				{
					0.749269,
					0,
					0.662265
				},
				{
					-0.046308,
					0.997552,
					0.052391
				},
				{
					-0.660644,
					-0.069923,
					0.747436
				}
			},
			pos={
				-4.256783,
				1.421141,
				-3.421231
			}
		},
		entity_name="Zs/NPC/mTable4/01/PCS/Camera",
		cameraprops={
			farplane=4000,
			fovh=20,
			hvaspect=1.85,
			nearplane=0.3
		}
	},
	{
		srt_grp=0,
		template_name="",
		usr_flg=0,
		type=3,
		lt_grp=0,
		flags=16,
		spatialprops={
			orient={
				{
					0.729271,
					0,
					0.6842240000000001
				},
				{
					-0.094485,
					0.99042,
					0.100705
				},
				{
					-0.677669,
					-0.13809,
					0.722285
				}
			},
			pos={
				-3.933175,
				1.508665,
				-3.947637
			}
		},
		entity_name="Zs/NPC/mTable4/01/PCU/Camera",
		cameraprops={
			farplane=4000,
			fovh=20,
			hvaspect=1.85,
			nearplane=0.3
		}
	},
	{
		srt_grp=0,
		template_name="",
		usr_flg=0,
		type=3,
		lt_grp=0,
		flags=16,
		spatialprops={
			orient={
				{
					-0.9968900000000001,
					0,
					-0.078801
				},
				{
					-0.060948,
					0.633864,
					0.771039
				},
				{
					0.049949,
					0.773444,
					-0.631893
				}
			},
			pos={
				-3.656134,
				2.309561,
				-4.840988
			}
		},
		entity_name="Zs/NPC/mTable4/01/TCI/Camera",
		cameraprops={
			farplane=4000,
			fovh=15,
			hvaspect=1.85,
			nearplane=0.3
		}
	},
	{
		srt_grp=0,
		template_name="",
		usr_flg=0,
		type=3,
		lt_grp=0,
		flags=16,
		spatialprops={
			orient={
				{
					-0.919437,
					0,
					0.393238
				},
				{
					0.042435,
					0.99416,
					0.099218
				},
				{
					-0.390942,
					0.107912,
					-0.914068
				}
			},
			pos={
				-6.064381,
				2.126766,
				-9.897611
			}
		},
		entity_name="Zs/NPC/mTable4/01/WFC/Camera",
		cameraprops={
			farplane=4000,
			fovh=30,
			hvaspect=1.85,
			nearplane=0.3
		}
	},
	{
		srt_grp=0,
		template_name="",
		usr_flg=0,
		type=3,
		lt_grp=0,
		flags=16,
		spatialprops={
			orient={
				{
					-0.6577420000000001,
					-0.226257,
					0.718459
				},
				{
					0.178474,
					0.8798470000000001,
					0.440473
				},
				{
					-0.7317939999999999,
					0.417944,
					-0.538331
				}
			},
			pos={
				-6.776031,
				6.614377,
				-5.153517
			}
		},
		entity_name="Zs/NPC/mFloor1/01/WFC/Camera",
		cameraprops={
			farplane=4000,
			fovh=30,
			hvaspect=1.85,
			nearplane=0.3
		}
	},
	{
		srt_grp=0,
		template_name="",
		usr_flg=0,
		type=5,
		lightprops={
			diffuse={
				0,
				0,
				0
			},
			atten={
				1,
				0,
				4e-006
			},
			ambient={
				0,
				0,
				0
			},
			on=0,
			color={
				255,
				255,
				255
			},
			theta=90,
			type=3,
			cutoff=98.999977,
			direction={
				0,
				0,
				1
			},
			range=2000,
			specular={
				0,
				0,
				0
			}
		},
		lt_grp=0,
		spatialprops={
			orient={
				{
					0.9999980000000001,
					0,
					-0.001769
				},
				{
					0.001769,
					-0.002306,
					0.999996
				},
				{
					-4e-006,
					-0.999997,
					-0.002306
				}
			},
			pos={
				0,
				0,
				0
			}
		},
		entity_name="LtShadowSource"
	},
	{
		srt_grp=0,
		template_name="",
		usr_flg=0,
		type=5,
		lightprops={
			diffuse={
				0.74902,
				0.74902,
				0.74902
			},
			atten={
				1,
				0,
				4e-006
			},
			ambient={
				0,
				0,
				0
			},
			on=0,
			color={
				255,
				255,
				255
			},
			theta=90,
			type=1,
			cutoff=98.999977,
			direction={
				0,
				0,
				1
			},
			range=2000,
			specular={
				0,
				0,
				0
			}
		},
		lt_grp=0,
		spatialprops={
			orient={
				{
					0.665026,
					0,
					0.74682
				},
				{
					0.047019,
					0.998016,
					-0.04187
				},
				{
					-0.745338,
					0.062959,
					0.6637070000000001
				}
			},
			pos={
				-9.7723,
				12.688908,
				6.296179
			}
		},
		entity_name="LtGlareSource"
	},
	{
		spatialprops={
			orient={
				{
					0.969571,
					0,
					-0.24481
				},
				{
					0,
					1,
					0
				},
				{
					0.24481,
					0,
					0.969571
				}
			},
			pos={
				-6.365759,
				0,
				-3.600228
			}
		},
		type=7,
		entity_name="Zs/NPC/Bartender/01/A/Stand",
		lt_grp=0,
		template_name="",
		usr_flg=0,
		srt_grp=0
	},
	{
		srt_grp=0,
		template_name="br_08_depot",
		usr_flg=0,
		userprops={
			category="Room"
		},
		type=1,
		lt_grp=9,
		flags=2,
		spatialprops={
			orient={
				{
					1,
					0,
					0
				},
				{
					0,
					1,
					0
				},
				{
					0,
					0,
					1
				}
			},
			pos={
				0,
				0,
				0
			}
		},
		entity_name="Set_br_08_depot"
	},
	{
		srt_grp=0,
		template_name="Ashtray_3",
		usr_flg=0,
		userprops={
			category="Prop",
			Priority="Room_Prop_1"
		},
		type=1,
		lt_grp=0,
		flags=4,
		spatialprops={
			orient={
				{
					1,
					0,
					0
				},
				{
					0,
					1,
					0
				},
				{
					0,
					0,
					1
				}
			},
			pos={
				3.669104,
				0.830607,
				-3.871094
			}
		},
		entity_name="Prop_Ashtray_3_table2"
	},
	{
		srt_grp=0,
		template_name="Bottle_3",
		usr_flg=0,
		userprops={
			category="Prop",
			Priority="Room_Prop_1"
		},
		type=1,
		lt_grp=0,
		flags=4,
		spatialprops={
			orient={
				{
					1,
					0,
					0
				},
				{
					0,
					1,
					0
				},
				{
					0,
					0,
					1
				}
			},
			pos={
				-5.442336,
				0.958116,
				0.187678
			}
		},
		entity_name="Prop_Bottle_3_table6"
	},
	{
		srt_grp=0,
		template_name="Bottle_2",
		usr_flg=0,
		userprops={
			category="Prop",
			Priority="Room_Prop_1"
		},
		type=1,
		lt_grp=0,
		flags=4,
		spatialprops={
			orient={
				{
					1,
					0,
					0
				},
				{
					0,
					1,
					0
				},
				{
					0,
					0,
					1
				}
			},
			pos={
				-3.517896,
				0.957755,
				-3.896473
			}
		},
		entity_name="Prop_Bottle_2_table1"
	},
	{
		srt_grp=0,
		template_name="glass_metal_1",
		usr_flg=0,
		userprops={
			category="Prop",
			Priority="Room_Prop_1"
		},
		type=1,
		lt_grp=0,
		flags=4,
		spatialprops={
			orient={
				{
					1,
					0,
					0
				},
				{
					0,
					-0.002732,
					-0.999996
				},
				{
					0,
					0.999996,
					-0.002732
				}
			},
			pos={
				-5.651392,
				0.797661,
				0.204759
			}
		},
		entity_name="Prop_glass_metal_1_table6"
	},
	{
		srt_grp=0,
		template_name="Bottle_2",
		usr_flg=0,
		userprops={
			category="Prop",
			Priority="Room_Prop_1"
		},
		type=1,
		lt_grp=0,
		flags=4,
		spatialprops={
			orient={
				{
					0.47713,
					0,
					-0.878833
				},
				{
					0,
					1,
					0
				},
				{
					0.878833,
					0,
					0.47713
				}
			},
			pos={
				3.291584,
				0.958056,
				-3.669922
			}
		},
		entity_name="Prop_Bottle_2_table2"
	},
	{
		srt_grp=0,
		template_name="bottle_wine_1",
		usr_flg=0,
		userprops={
			category="Prop",
			Priority="Room_Prop_1"
		},
		type=1,
		lt_grp=0,
		flags=4,
		spatialprops={
			orient={
				{
					1,
					0,
					0
				},
				{
					0,
					0.008427000000000001,
					-0.999964
				},
				{
					0,
					0.999964,
					0.008427000000000001
				}
			},
			pos={
				3.704651,
				0.983196,
				4.119502
			}
		},
		entity_name="Prop_bottle_wine_1_table4"
	},
	{
		srt_grp=0,
		template_name="glass_metal_1",
		usr_flg=0,
		userprops={
			category="Prop",
			Priority="Room_Prop_1"
		},
		type=1,
		lt_grp=0,
		flags=4,
		spatialprops={
			orient={
				{
					1,
					0,
					0
				},
				{
					0,
					-0.002732,
					-0.999996
				},
				{
					0,
					0.999996,
					-0.002732
				}
			},
			pos={
				3.779929,
				0.798474,
				4.014466
			}
		},
		entity_name="Prop_glass_metal_1_table4"
	},
	{
		srt_grp=0,
		template_name="",
		usr_flg=0,
		type=3,
		lt_grp=0,
		spatialprops={
			orient={
				{
					-0.537306,
					0,
					0.843388
				},
				{
					0.149555,
					0.984152,
					0.095278
				},
				{
					-0.830022,
					0.177326,
					-0.52879
				}
			},
			pos={
				-10.851699,
				2.779262,
				-7.307376
			}
		},
		entity_name="Camera_0",
		cameraprops={
			farplane=4000,
			fovh=31,
			hvaspect=1.777777,
			nearplane=0.3
		}
	},
	{
		srt_grp=0,
		template_name="",
		usr_flg=0,
		type=3,
		lt_grp=0,
		spatialprops={
			orient={
				{
					-0.999729,
					0,
					-0.023295
				},
				{
					0.0006980000000000001,
					0.999551,
					-0.029954
				},
				{
					0.023285,
					-0.029962,
					-0.99928
				}
			},
			pos={
				1.051223,
				1.862789,
				5.429803
			}
		},
		entity_name="Camera_Mission",
		cameraprops={
			farplane=200,
			fovh=30,
			hvaspect=1.777777,
			nearplane=1
		}
	},
	{
		srt_grp=0,
		template_name="",
		usr_flg=0,
		type=3,
		lt_grp=0,
		spatialprops={
			orient={
				{
					-0.998854,
					0,
					-0.047858
				},
				{
					-0.001073,
					0.999749,
					0.022396
				},
				{
					0.047846,
					0.022421,
					-0.998603
				}
			},
			pos={
				-0.727277,
				1.881604,
				5.926089
			}
		},
		entity_name="Camera_News",
		cameraprops={
			farplane=200,
			fovh=30,
			hvaspect=1.777777,
			nearplane=1
		}
	},
	{
		srt_grp=0,
		template_name="",
		usr_flg=0,
		type=3,
		lt_grp=0,
		flags=16,
		spatialprops={
			orient={
				{
					-0.278933,
					0,
					0.960311
				},
				{
					0.162275,
					0.985619,
					0.047135
				},
				{
					-0.946501,
					0.168982,
					-0.274921
				}
			},
			pos={
				-7.987705,
				1.670328,
				-4.755049
			}
		},
		entity_name="Zs/NPC/Bartender/01/AC2/Camera",
		cameraprops={
			farplane=4000,
			fovh=30,
			hvaspect=1.85,
			nearplane=0.3
		}
	},
	{
		srt_grp=0,
		template_name="",
		usr_flg=0,
		type=3,
		lt_grp=0,
		flags=16,
		spatialprops={
			orient={
				{
					-0.816773,
					0,
					0.576959
				},
				{
					0.110582,
					0.981461,
					0.156545
				},
				{
					-0.566263,
					0.191663,
					-0.80163
				}
			},
			pos={
				-7.079009,
				1.775018,
				-5.283155
			}
		},
		entity_name="Zs/NPC/Bartender/01/ACOH/Camera",
		cameraprops={
			farplane=4000,
			fovh=25,
			hvaspect=1.85,
			nearplane=0.3
		}
	},
	{
		srt_grp=0,
		template_name="",
		usr_flg=0,
		type=3,
		lt_grp=0,
		flags=16,
		spatialprops={
			orient={
				{
					-0.847801,
					0,
					0.530314
				},
				{
					0.038415,
					0.997373,
					0.061413
				},
				{
					-0.528921,
					0.072438,
					-0.8455740000000001
				}
			},
			pos={
				-6.908763,
				1.633741,
				-4.843175
			}
		},
		entity_name="Zs/NPC/Bartender/01/ACS/Camera",
		cameraprops={
			farplane=4000,
			fovh=25,
			hvaspect=1.85,
			nearplane=0.3
		}
	},
	{
		spatialprops={
			orient={
				{
					-0.990443,
					0,
					-0.137923
				},
				{
					0,
					1,
					0
				},
				{
					0.137923,
					0,
					-0.990443
				}
			},
			pos={
				-6.500134,
				0,
				-5.417704
			}
		},
		type=7,
		entity_name="Zs/NPC/Bartender/01/P/Stand",
		lt_grp=0,
		template_name="",
		usr_flg=0,
		srt_grp=0
	},
	{
		spatialprops={
			orient={
				{
					-0.990443,
					0,
					-0.137923
				},
				{
					0,
					1,
					0
				},
				{
					0.137923,
					0,
					-0.990443
				}
			},
			pos={
				-6.544097,
				0,
				-4.907645
			}
		},
		type=7,
		entity_name="Zs/NPC/Bartender/01/P2/Stand",
		lt_grp=0,
		template_name="",
		usr_flg=0,
		srt_grp=0
	},
	{
		srt_grp=0,
		template_name="",
		usr_flg=0,
		type=3,
		lt_grp=0,
		flags=16,
		spatialprops={
			orient={
				{
					0.578232,
					0,
					0.815872
				},
				{
					0.170297,
					0.977973,
					-0.120694
				},
				{
					-0.797901,
					0.20873,
					0.565496
				}
			},
			pos={
				-7.684171,
				1.734189,
				-3.31175
			}
		},
		entity_name="Zs/NPC/Bartender/01/PC2/Camera",
		cameraprops={
			farplane=4000,
			fovh=30,
			hvaspect=1.85,
			nearplane=0.3
		}
	},
	{
		srt_grp=0,
		template_name="",
		usr_flg=0,
		type=3,
		lt_grp=0,
		flags=16,
		spatialprops={
			orient={
				{
					0.941733,
					0,
					0.336363
				},
				{
					0.061664,
					0.983052,
					-0.172644
				},
				{
					-0.330662,
					0.183326,
					0.925772
				}
			},
			pos={
				-6.762143,
				1.758547,
				-3.148223
			}
		},
		entity_name="Zs/NPC/Bartender/01/PCO/Camera",
		cameraprops={
			farplane=4000,
			fovh=25,
			hvaspect=1.85,
			nearplane=0.3
		}
	},
	{
		srt_grp=0,
		template_name="",
		usr_flg=0,
		type=3,
		lt_grp=0,
		flags=16,
		spatialprops={
			orient={
				{
					0.977701,
					0,
					0.21
				},
				{
					0.026275,
					0.992142,
					-0.122328
				},
				{
					-0.20835,
					0.125118,
					0.970019
				}
			},
			pos={
				-6.621473,
				1.700093,
				-3.650776
			}
		},
		entity_name="Zs/NPC/Bartender/01/PCS/Camera",
		cameraprops={
			farplane=4000,
			fovh=25,
			hvaspect=1.85,
			nearplane=0.3
		}
	},
	{
		srt_grp=0,
		template_name="",
		usr_flg=0,
		type=3,
		lt_grp=0,
		flags=16,
		spatialprops={
			orient={
				{
					-0.28538,
					0,
					0.958414
				},
				{
					-0.121612,
					0.9919170000000001,
					-0.036212
				},
				{
					-0.950668,
					-0.126889,
					-0.283073
				}
			},
			pos={
				-9.678903,
				0.480222,
				-5.312909
			}
		},
		entity_name="Zs/NPC/Bartender/01/WFC/Camera",
		cameraprops={
			farplane=4000,
			fovh=30,
			hvaspect=1.85,
			nearplane=0.3
		}
	},
	{
		srt_grp=0,
		template_name="br_table_round",
		usr_flg=0,
		userprops={
			category="Prop"
		},
		type=1,
		lt_grp=0,
		flags=4,
		spatialprops={
			orient={
				{
					0.700838,
					0,
					-0.71332
				},
				{
					0,
					1,
					0
				},
				{
					0.71332,
					0,
					0.700838
				}
			},
			pos={
				-3.537018,
				0,
				-3.791593
			}
		},
		entity_name="br_table_round_1"
	},
	{
		srt_grp=0,
		template_name="br_table_round",
		usr_flg=0,
		userprops={
			category="Prop"
		},
		type=1,
		lt_grp=0,
		flags=4,
		spatialprops={
			orient={
				{
					0.725792,
					0,
					-0.687914
				},
				{
					0,
					1,
					0
				},
				{
					0.687914,
					0,
					0.725792
				}
			},
			pos={
				3.462287,
				0,
				-3.791593
			}
		},
		entity_name="br_table_round_2"
	},
	{
		srt_grp=0,
		template_name="br_table_round",
		usr_flg=0,
		userprops={
			category="Prop"
		},
		type=1,
		lt_grp=0,
		flags=4,
		spatialprops={
			orient={
				{
					1,
					0,
					0
				},
				{
					0,
					1,
					0
				},
				{
					0,
					0,
					1
				}
			},
			pos={
				5.536876,
				0,
				0
			}
		},
		entity_name="br_table_round_3"
	},
	{
		srt_grp=0,
		template_name="br_table_round",
		usr_flg=0,
		userprops={
			category="Prop"
		},
		type=1,
		lt_grp=0,
		flags=4,
		spatialprops={
			orient={
				{
					0.717792,
					0,
					-0.696258
				},
				{
					0,
					1,
					0
				},
				{
					0.696258,
					0,
					0.717792
				}
			},
			pos={
				3.752435,
				0,
				3.993148
			}
		},
		entity_name="br_table_round_4"
	},
	{
		srt_grp=0,
		template_name="br_table_round",
		usr_flg=0,
		userprops={
			category="Prop"
		},
		type=1,
		lt_grp=0,
		flags=4,
		spatialprops={
			orient={
				{
					0.694481,
					0,
					-0.719511
				},
				{
					0,
					1,
					0
				},
				{
					0.719511,
					0,
					0.694481
				}
			},
			pos={
				-3.537018,
				0,
				3.788198
			}
		},
		entity_name="br_table_round_5"
	},
	{
		srt_grp=0,
		template_name="br_table_round",
		usr_flg=0,
		userprops={
			category="Prop"
		},
		type=1,
		lt_grp=0,
		flags=4,
		spatialprops={
			orient={
				{
					1,
					0,
					0
				},
				{
					0,
					1,
					0
				},
				{
					0,
					0,
					1
				}
			},
			pos={
				-5.536876,
				0,
				0
			}
		},
		entity_name="br_table_round_6"
	},
	{
		spatialprops={
			orient={
				{
					0.915936,
					0,
					0.401324
				},
				{
					0,
					1,
					0
				},
				{
					-0.401324,
					0,
					0.915936
				}
			},
			pos={
				-2.317477,
				0,
				1.592299
			}
		},
		type=7,
		entity_name="Zg/NPC/mFloor1/01/A/Stand",
		lt_grp=0,
		template_name="",
		usr_flg=0,
		srt_grp=0
	},
	{
		spatialprops={
			orient={
				{
					0.719647,
					0,
					0.69434
				},
				{
					0,
					1,
					0
				},
				{
					-0.69434,
					0,
					0.719647
				}
			},
			pos={
				-4.254169,
				0,
				-3.063639
			}
		},
		type=7,
		entity_name="Zg/NPC/mTable4/01/A/SitLow",
		lt_grp=0,
		template_name="",
		usr_flg=0,
		srt_grp=0
	},
	{
		spatialprops={
			orient={
				{
					0.730107,
					0,
					-0.683333
				},
				{
					0,
					1,
					0
				},
				{
					0.683333,
					0,
					0.730107
				}
			},
			pos={
				4.162906,
				0,
				-3.040738
			}
		},
		type=7,
		entity_name="Zg/NPC/mTable4/02/A/SitLow",
		lt_grp=0,
		template_name="",
		usr_flg=0,
		srt_grp=0
	},
	{
		spatialprops={
			orient={
				{
					0.999981,
					0,
					-0.006235
				},
				{
					0,
					1,
					0
				},
				{
					0.006235,
					0,
					0.999981
				}
			},
			pos={
				5.533378,
				0,
				1.018612
			}
		},
		type=7,
		entity_name="Zg/NPC/mTable4/03/A/SitLow",
		lt_grp=0,
		template_name="",
		usr_flg=0,
		srt_grp=0
	},
	{
		spatialprops={
			orient={
				{
					0.7329790000000001,
					0,
					-0.6802510000000001
				},
				{
					0,
					1,
					0
				},
				{
					0.6802510000000001,
					0,
					0.7329790000000001
				}
			},
			pos={
				4.455922,
				0,
				4.736958
			}
		},
		type=7,
		entity_name="Zg/NPC/mTable4/04/A/SitLow",
		lt_grp=0,
		template_name="",
		usr_flg=0,
		srt_grp=0
	},
	{
		spatialprops={
			orient={
				{
					0.683148,
					0,
					-0.73028
				},
				{
					0,
					1,
					0
				},
				{
					0.73028,
					0,
					0.683148
				}
			},
			pos={
				-2.794325,
				0,
				4.49923
			}
		},
		type=7,
		entity_name="Zg/NPC/mTable4/05/A/SitLow",
		lt_grp=0,
		template_name="",
		usr_flg=0,
		srt_grp=0
	},
	{
		spatialprops={
			orient={
				{
					-0.003078,
					0,
					0.999995
				},
				{
					0,
					1,
					0
				},
				{
					-0.999995,
					0,
					-0.003078
				}
			},
			pos={
				-6.568256,
				0,
				-0.005856
			}
		},
		type=7,
		entity_name="Zg/NPC/mTable4/06/A/SitLow",
		lt_grp=0,
		template_name="",
		usr_flg=0,
		srt_grp=0
	},
	{
		spatialprops={
			orient={
				{
					0.69073,
					0,
					-0.723113
				},
				{
					0,
					1,
					0
				},
				{
					0.723113,
					0,
					0.69073
				}
			},
			pos={
				-2.799986,
				0,
				-3.073567
			}
		},
		type=7,
		entity_name="Zg/NPC/mTable4/01/B/SitLow",
		lt_grp=0,
		template_name="",
		usr_flg=0,
		srt_grp=0
	},
	{
		spatialprops={
			orient={
				{
					-0.70614,
					0,
					-0.708072
				},
				{
					0,
					1,
					0
				},
				{
					0.708072,
					0,
					-0.70614
				}
			},
			pos={
				-2.818633,
				0,
				-4.524557
			}
		},
		type=7,
		entity_name="Zg/NPC/mTable4/01/C/SitLow",
		lt_grp=0,
		template_name="",
		usr_flg=0,
		srt_grp=0
	}
	,
	{
		spatialprops={
			orient={
				{
					-0.699958,
					0,
					0.714184
				},
				{
					0,
					1,
					0
				},
				{
					-0.714184,
					0,
					-0.699958
				}
			},
			pos={
				-4.275838,
				0,
				-4.512384
			}
		},
		type=7,
		entity_name="Zg/NPC/mTable4/01/D/SitLow",
		lt_grp=0,
		template_name="",
		usr_flg=0,
		srt_grp=0
	},
	{
		spatialprops={
			orient={
				{
					-0.693284,
					0,
					-0.720665
				},
				{
					0,
					1,
					0
				},
				{
					0.720665,
					0,
					-0.693284
				}
			},
			pos={
				4.212447,
				0,
				-4.489091
			}
		},
		type=7,
		entity_name="Zg/NPC/mTable4/02/B/SitLow",
		lt_grp=0,
		template_name="",
		usr_flg=0,
		srt_grp=0
	},
	{
		spatialprops={
			orient={
				{
					0.688893,
					0,
					0.724863
				},
				{
					0,
					1,
					0
				},
				{
					-0.724863,
					0,
					0.688893
				}
			},
			pos={
				2.713828,
				0,
				-3.08152
			}
		},
		type=7,
		entity_name="Zg/NPC/mTable4/02/C/SitLow",
		lt_grp=0,
		template_name="",
		usr_flg=0,
		srt_grp=0
	},
	{
		spatialprops={
			orient={
				{
					-0.724542,
					0,
					0.689231
				},
				{
					0,
					1,
					0
				},
				{
					-0.689231,
					0,
					-0.724542
				}
			},
			pos={
				2.75672,
				0,
				-4.523493
			}
		},
		type=7,
		entity_name="Zg/NPC/mTable4/02/D/SitLow",
		lt_grp=0,
		template_name="",
		usr_flg=0,
		srt_grp=0
	},
	{
		spatialprops={
			orient={
				{
					-0.999976,
					0,
					0.006896
				},
				{
					0,
					1,
					0
				},
				{
					-0.006896,
					0,
					-0.999976
				}
			},
			pos={
				5.530596,
				0,
				-1.036875
			}
		},
		type=7,
		entity_name="Zg/NPC/mTable4/03/B/SitLow",
		lt_grp=0,
		template_name="",
		usr_flg=0,
		srt_grp=0
	},
	{
		spatialprops={
			orient={
				{
					0.005509,
					0,
					-0.999985
				},
				{
					0,
					1,
					0
				},
				{
					0.999985,
					0,
					0.005509
				}
			},
			pos={
				6.573921,
				0,
				0.01065
			}
		},
		type=7,
		entity_name="Zg/NPC/mTable4/03/C/SitLow",
		lt_grp=0,
		template_name="",
		usr_flg=0,
		srt_grp=0
	},
	{
		spatialprops={
			orient={
				{
					-0.010741,
					0,
					0.999942
				},
				{
					0,
					1,
					0
				},
				{
					-0.999942,
					0,
					-0.010741
				}
			},
			pos={
				4.51299,
				0,
				-0.014551
			}
		},
		type=7,
		entity_name="Zg/NPC/mTable4/03/D/SitLow",
		lt_grp=0,
		template_name="",
		usr_flg=0,
		srt_grp=0
	},
	{
		spatialprops={
			orient={
				{
					0.689294,
					0,
					0.724481
				},
				{
					0,
					1,
					0
				},
				{
					-0.724481,
					0,
					0.689294
				}
			},
			pos={
				3.006974,
				0,
				4.699885
			}
		},
		type=7,
		entity_name="Zg/NPC/mTable4/04/B/SitLow",
		lt_grp=0,
		template_name="",
		usr_flg=0,
		srt_grp=0
	},
	{
		spatialprops={
			orient={
				{
					-0.691927,
					0,
					-0.721967
				},
				{
					0,
					1,
					0
				},
				{
					0.721967,
					0,
					-0.691927
				}
			},
			pos={
				4.486699,
				0,
				3.282227
			}
		},
		type=7,
		entity_name="Zg/NPC/mTable4/04/C/SitLow",
		lt_grp=0,
		template_name="",
		usr_flg=0,
		srt_grp=0
	},
	{
		spatialprops={
			orient={
				{
					-0.717401,
					0,
					0.696661
				},
				{
					0,
					1,
					0
				},
				{
					-0.696661,
					0,
					-0.717401
				}
			},
			pos={
				3.047295,
				0,
				3.259555
			}
		},
		type=7,
		entity_name="Zg/NPC/mTable4/04/D/SitLow",
		lt_grp=0,
		template_name="",
		usr_flg=0,
		srt_grp=0
	},
	{
		spatialprops={
			orient={
				{
					0.7150800000000001,
					0,
					0.699043
				},
				{
					0,
					1,
					0
				},
				{
					-0.699043,
					0,
					0.7150800000000001
				}
			},
			pos={
				-4.255729,
				0,
				4.533252
			}
		},
		type=7,
		entity_name="Zg/NPC/mTable4/05/B/SitLow",
		lt_grp=0,
		template_name="",
		usr_flg=0,
		srt_grp=0
	},
	{
		spatialprops={
			orient={
				{
					-0.711673,
					0,
					-0.702511
				},
				{
					0,
					1,
					0
				},
				{
					0.702511,
					0,
					-0.711673
				}
			},
			pos={
				-2.821376,
				0,
				3.058059
			}
		},
		type=7,
		entity_name="Zg/NPC/mTable4/05/C/SitLow",
		lt_grp=0,
		template_name="",
		usr_flg=0,
		srt_grp=0
	},
	{
		spatialprops={
			orient={
				{
					-0.682484,
					0,
					0.730901
				},
				{
					0,
					1,
					0
				},
				{
					-0.730901,
					0,
					-0.682484
				}
			},
			pos={
				-4.293635,
				0,
				3.097025
			}
		},
		type=7,
		entity_name="Zg/NPC/mTable4/05/D/SitLow",
		lt_grp=0,
		template_name="",
		usr_flg=0,
		srt_grp=0
	},
	{
		spatialprops={
			orient={
				{
					-0.003062,
					0,
					-0.999995
				},
				{
					0,
					1,
					0
				},
				{
					0.999995,
					0,
					-0.003062
				}
			},
			pos={
				-4.503682,
				0,
				0.000696
			}
		},
		type=7,
		entity_name="Zg/NPC/mTable4/06/B/SitLow",
		lt_grp=0,
		template_name="",
		usr_flg=0,
		srt_grp=0
	},
	{
		spatialprops={
			orient={
				{
					1,
					0,
					-0.000312
				},
				{
					0,
					1,
					0
				},
				{
					0.000312,
					0,
					1
				}
			},
			pos={
				-5.526944,
				0,
				1.02486
			}
		},
		type=7,
		entity_name="Zg/NPC/mTable4/06/C/SitLow",
		lt_grp=0,
		template_name="",
		usr_flg=0,
		srt_grp=0
	},
	{
		spatialprops={
			orient={
				{
					-0.999988,
					0,
					-0.004966
				},
				{
					0,
					1,
					0
				},
				{
					0.004966,
					0,
					-0.999988
				}
			},
			pos={
				-5.531005,
				0,
				-1.023489
			}
		},
		type=7,
		entity_name="Zg/NPC/mTable4/06/D/SitLow",
		lt_grp=0,
		template_name="",
		usr_flg=0,
		srt_grp=0
	},
	{
		spatialprops={
			orient={
				{
					-0.9305250000000001,
					0,
					-0.366227
				},
				{
					0,
					1,
					0
				},
				{
					0.366227,
					0,
					-0.9305250000000001
				}
			},
			pos={
				-3.753756,
				0.798,
				-3.605968
			}
		},
		type=7,
		entity_name="Zs/NPC/mTable4/01/Prop",
		lt_grp=0,
		template_name="",
		usr_flg=0,
		srt_grp=0
	},
	{
		srt_grp=0,
		template_name="",
		usr_flg=0,
		type=3,
		lt_grp=0,
		flags=16,
		spatialprops={
			orient={
				{
					-0.994796,
					0,
					-0.101883
				},
				{
					-0.017792,
					0.984633,
					0.173728
				},
				{
					0.100317,
					0.174636,
					-0.979509
				}
			},
			pos={
				-3.599461,
				1.406804,
				-5.612169
			}
		},
		entity_name="Zs/NPC/mTable4/01/ACOL/Camera",
		cameraprops={
			farplane=4000,
			fovh=20,
			hvaspect=1.85,
			nearplane=0.3
		}
	},
	{
		srt_grp=0,
		template_name="",
		usr_flg=0,
		type=3,
		lt_grp=0,
		flags=16,
		spatialprops={
			orient={
				{
					-0.160651,
					0,
					0.987011
				},
				{
					0.209125,
					0.9772960000000001,
					0.034038
				},
				{
					-0.964602,
					0.211877,
					-0.157003
				}
			},
			pos={
				1.798333,
				1.722395,
				-4.253127
			}
		},
		entity_name="Zs/NPC/mTable4/02/AC2/Camera",
		cameraprops={
			farplane=4000,
			fovh=30,
			hvaspect=1.85,
			nearplane=0.3
		}
	},
	{
		srt_grp=0,
		template_name="",
		usr_flg=0,
		type=3,
		lt_grp=0,
		flags=16,
		spatialprops={
			orient={
				{
					-0.638249,
					0,
					0.76983
				},
				{
					0.304528,
					0.918432,
					0.252478
				},
				{
					-0.707036,
					0.395579,
					-0.586189
				}
			},
			pos={
				2.621056,
				1.974316,
				-4.919838
			}
		},
		entity_name="Zs/NPC/mTable4/02/ACOH/Camera",
		cameraprops={
			farplane=4000,
			fovh=20,
			hvaspect=1.85,
			nearplane=0.3
		}
	},
	{
		srt_grp=0,
		template_name="",
		usr_flg=0,
		type=3,
		lt_grp=0,
		flags=16,
		spatialprops={
			orient={
				{
					-0.613507,
					0,
					0.789689
				},
				{
					0.143648,
					0.983316,
					0.1116
				},
				{
					-0.776514,
					0.181904,
					-0.603272
				}
			},
			pos={
				2.469642,
				1.427585,
				-4.853028
			}
		},
		entity_name="Zs/NPC/mTable4/02/ACOL/Camera",
		cameraprops={
			farplane=4000,
			fovh=20,
			hvaspect=1.85,
			nearplane=0.3
		}
	},
	{
		srt_grp=0,
		template_name="",
		usr_flg=0,
		type=3,
		lt_grp=0,
		flags=16,
		spatialprops={
			orient={
				{
					-0.6706,
					0,
					0.741819
				},
				{
					0.114699,
					0.987974,
					0.103687
				},
				{
					-0.7328980000000001,
					0.154618,
					-0.662536
				}
			},
			pos={
				3.014641,
				1.365699,
				-4.325353
			}
		},
		entity_name="Zs/NPC/mTable4/02/ACS/Camera",
		cameraprops={
			farplane=4000,
			fovh=20,
			hvaspect=1.85,
			nearplane=0.3
		}
	},
	{
		srt_grp=0,
		template_name="",
		usr_flg=0,
		type=3,
		lt_grp=0,
		flags=16,
		spatialprops={
			orient={
				{
					-0.633361,
					0,
					0.773856
				},
				{
					0.089365,
					0.99331,
					0.073141
				},
				{
					-0.768679,
					0.11548,
					-0.629124
				}
			},
			pos={
				3.436076,
				1.313439,
				-3.803713
			}
		},
		entity_name="Zs/NPC/mTable4/02/ACU/Camera",
		cameraprops={
			farplane=4000,
			fovh=20,
			hvaspect=1.85,
			nearplane=0.3
		}
	},
	{
		spatialprops={
			orient={
				{
					-0.954609,
					0,
					0.297863
				},
				{
					0,
					1,
					0
				},
				{
					-0.297863,
					0,
					-0.954609
				}
			},
			pos={
				3.122958,
				0,
				-5.11868
			}
		},
		type=7,
		entity_name="Zs/NPC/mTable4/02/P/Stand",
		lt_grp=0,
		template_name="",
		usr_flg=0,
		srt_grp=0
	},
	{
		spatialprops={
			orient={
				{
					-0.954609,
					0,
					0.297863
				},
				{
					0,
					1,
					0
				},
				{
					-0.297863,
					0,
					-0.954609
				}
			},
			pos={
				3.300829,
				0,
				-4.638624
			}
		},
		type=7,
		entity_name="Zs/NPC/mTable4/02/P2/Stand",
		lt_grp=0,
		template_name="",
		usr_flg=0,
		srt_grp=0
	},
	{
		srt_grp=0,
		template_name="",
		usr_flg=0,
		type=3,
		lt_grp=0,
		flags=16,
		spatialprops={
			orient={
				{
					0.53721,
					0.109356,
					0.836329
				},
				{
					0.624148,
					0.615393,
					-0.481385
				},
				{
					-0.567313,
					0.780598,
					0.262341
				}
			},
			pos={
				0.640993,
				8.470673,
				0.030016
			}
		},
		entity_name="Zs/NPC/mTable4/02/WFC/Camera",
		cameraprops={
			farplane=4000,
			fovh=30,
			hvaspect=1.85,
			nearplane=0.3
		}
	},
	{
		srt_grp=0,
		template_name="",
		usr_flg=0,
		type=3,
		lt_grp=0,
		flags=16,
		spatialprops={
			orient={
				{
					-0.537251,
					0,
					0.843422
				},
				{
					0.608724,
					0.692174,
					0.387751
				},
				{
					-0.583795,
					0.721731,
					-0.371871
				}
			},
			pos={
				2.667984,
				2.049066,
				-4.194659
			}
		},
		entity_name="Zs/NPC/mTable4/02/TCI/Camera",
		cameraprops={
			farplane=4000,
			fovh=15,
			hvaspect=1.85,
			nearplane=0.3
		}
	},
	{
		spatialprops={
			orient={
				{
					-0.930966,
					0,
					0.365107
				},
				{
					0,
					1,
					0
				},
				{
					-0.365107,
					0,
					-0.930966
				}
			},
			pos={
				3.679828,
				0.7981470000000001,
				-3.55012
			}
		},
		type=7,
		entity_name="Zs/NPC/mTable4/02/Prop",
		lt_grp=0,
		template_name="",
		usr_flg=0,
		srt_grp=0
	},
	{
		srt_grp=0,
		template_name="",
		usr_flg=0,
		type=3,
		lt_grp=0,
		flags=16,
		spatialprops={
			orient={
				{
					0.956514,
					0,
					-0.291687
				},
				{
					0.041476,
					0.989839,
					0.13601
				},
				{
					0.288723,
					-0.142193,
					0.9467950000000001
				}
			},
			pos={
				3.718266,
				1.496813,
				-3.665479
			}
		},
		entity_name="Zs/NPC/mTable4/02/PCU/Camera",
		cameraprops={
			farplane=4000,
			fovh=20,
			hvaspect=1.85,
			nearplane=0.3
		}
	},
	{
		srt_grp=0,
		template_name="",
		usr_flg=0,
		type=3,
		lt_grp=0,
		flags=16,
		spatialprops={
			orient={
				{
					0.9643890000000001,
					0,
					-0.264488
				},
				{
					0.02645,
					0.994987,
					0.096442
				},
				{
					0.263163,
					-0.100003,
					0.959554
				}
			},
			pos={
				3.91213,
				1.371257,
				-3.11112
			}
		},
		entity_name="Zs/NPC/mTable4/02/PCS/Camera",
		cameraprops={
			farplane=4000,
			fovh=20,
			hvaspect=1.85,
			nearplane=0.3
		}
	},
	{
		srt_grp=0,
		template_name="",
		usr_flg=0,
		type=3,
		lt_grp=0,
		flags=16,
		spatialprops={
			orient={
				{
					0.984838,
					0,
					-0.173478
				},
				{
					0.018503,
					0.994296,
					0.10504
				},
				{
					0.172488,
					-0.106657,
					0.97922
				}
			},
			pos={
				4.055722,
