duration=10000

entities={
	
	{
		entity_name="Zs/NPC/Equipment/01/AC2/Camera",
		type=CAMERA,
		template_name="",
		lt_grp=0,
		srt_grp=0,
		usr_flg=0,
		flags=HIDDEN,
		spatialprops={
			pos={
				-10.930708,
				1.677214,
				14.708691
			},
			orient={
				{
					0.9724660000000001,
					0,
					-0.233043
				},
				{
					-0.039387,
					0.985614,
					-0.164356
				},
				{
					0.22969,
					0.169009,
					0.958477
				}
			}
		},
		cameraprops={
			fovh=29.999996,
			hvaspect=1.85,
			nearplane=0.3,
			farplane=4000
		}
	},
	{
		entity_name="Zs/NPC/Equipment/01/ACOH/Camera",
		type=CAMERA,
		template_name="",
		lt_grp=0,
		srt_grp=0,
		usr_flg=0,
		flags=HIDDEN,
		spatialprops={
			pos={
				-11.979406,
				1.7645,
				13.976002
			},
			orient={
				{
					0.836548,
					0,
					0.547894
				},
				{
					0.09800399999999999,
					0.983872,
					-0.149637
				},
				{
					-0.539057,
					0.178874,
					0.823056
				}
			}
		},
		cameraprops={
			fovh=25,
			hvaspect=1.85,
			nearplane=0.3,
			farplane=4000
		}
	},
	{
		entity_name="Zs/NPC/Equipment/01/ACS/Camera",
		type=CAMERA,
		template_name="",
		lt_grp=0,
		srt_grp=0,
		usr_flg=0,
		flags=HIDDEN,
		spatialprops={
			pos={
				-11.577507,
				1.596471,
				13.76491
			},
			orient={
				{
					0.856263,
					0,
					0.516539
				},
				{
					0.017176,
					0.999447,
					-0.028471
				},
				{
					-0.516254,
					0.033251,
					0.8557900000000001
				}
			}
		},
		cameraprops={
			fovh=25,
			hvaspect=1.85,
			nearplane=0.3,
			farplane=4000
		}
	},
	{
		entity_name="Zs/NPC/Equipment/01/P/Stand",
		type=MARKER,
		template_name="",
		lt_grp=0,
		srt_grp=0,
		usr_flg=0,
		spatialprops={
			pos={
				-12.274026,
				-0.0054,
				13.705144
			},
			orient={
				{
					0.316412,
					0,
					0.948622
				},
				{
					0,
					1,
					0
				},
				{
					-0.948622,
					0,
					0.316412
				}
			}
		}
	},
	{
		entity_name="Zs/NPC/Equipment/01/P2/Stand",
		type=MARKER,
		template_name="",
		lt_grp=0,
		srt_grp=0,
		usr_flg=0,
		spatialprops={
			pos={
				-11.80083,
				0,
				13.504722
			},
			orient={
				{
					0.316413,
					0,
					0.948622
				},
				{
					0,
					1,
					0
				},
				{
					-0.948622,
					0,
					0.316413
				}
			}
		}
	},
	{
		entity_name="Zs/NPC/Equipment/01/PC2/Camera",
		type=CAMERA,
		template_name="",
		lt_grp=0,
		srt_grp=0,
		usr_flg=0,
		flags=HIDDEN,
		spatialprops={
			pos={
				-9.877973000000001,
				1.731246,
				13.827823
			},
			orient={
				{
					0.485828,
					0,
					-0.874054
				},
				{
					-0.182453,
					0.97797,
					-0.101413
				},
				{
					0.854799,
					0.208743,
					0.475125
				}
			}
		},
		cameraprops={
			fovh=29.999996,
			hvaspect=1.85,
			nearplane=0.3,
			farplane=4000
		}
	},
	{
		entity_name="Zs/NPC/Equipment/01/PCO/Camera",
		type=CAMERA,
		template_name="",
		lt_grp=0,
		srt_grp=0,
		usr_flg=0,
		flags=HIDDEN,
		spatialprops={
			pos={
				-10.224745,
				1.790054,
				12.911653
			},
			orient={
				{
					-0.068304,
					0,
					-0.997665
				},
				{
					-0.208533,
					0.977911,
					0.014277
				},
				{
					0.975627,
					0.209021,
					-0.06679499999999999
				}
			}
		},
		cameraprops={
			fovh=25,
			hvaspect=1.85,
			nearplane=0.3,
			farplane=4000
		}
	},
	{
		entity_name="Zs/NPC/Equipment/01/PCS/Camera",
		type=CAMERA,
		template_name="",
		lt_grp=0,
		srt_grp=0,
		usr_flg=0,
		flags=HIDDEN,
		spatialprops={
			pos={
				-10.641977,
				1.614689,
				13.112748
			},
			orient={
				{
					-0.086363,
					0,
					-0.996264
				},
				{
					-0.055684,
					0.998437,
					0.004827
				},
				{
					0.994706,
					0.055893,
					-0.086228
				}
			}
		},
		cameraprops={
			fovh=25,
			hvaspect=1.85,
			nearplane=0.3,
			farplane=4000
		}
	},
	{
		entity_name="Zs/NPC/Shipdealer/01/AC2/Camera",
		type=CAMERA,
		template_name="",
		lt_grp=0,
		srt_grp=0,
		usr_flg=0,
		flags=HIDDEN,
		spatialprops={
			pos={
				28.257303,
				1.296202,
				-18.030443
			},
			orient={
				{
					-0.6005200000000001,
					0,
					0.79961
				},
				{
					-0.037481,
					0.998901,
					-0.028149
				},
				{
					-0.798731,
					-0.046875,
					-0.599859
				}
			}
		},
		cameraprops={
			fovh=30,
			hvaspect=1.85,
			nearplane=0.4,
			farplane=4000
		}
	},
	{
		entity_name="Zs/NPC/Shipdealer/01/ACOH/Camera",
		type=CAMERA,
		template_name="",
		lt_grp=0,
		srt_grp=0,
		usr_flg=0,
		flags=HIDDEN,
		spatialprops={
			pos={
				28.366655,
				1.718729,
				-17.020224
			},
			orient={
				{
					-0.068782,
					0,
					0.997632
				},
				{
					0.15652,
					0.9876160000000001,
					0.010791
				},
				{
					-0.985277,
					0.156891,
					-0.06793
				}
			}
		},
		cameraprops={
			fovh=25,
			hvaspect=1.85,
			nearplane=0.4,
			farplane=4000
		}
	},
	{
		entity_name="Zs/NPC/Shipdealer/01/ACS/Camera",
		type=CAMERA,
		template_name="",
		lt_grp=0,
		srt_grp=0,
		usr_flg=0,
		flags=HIDDEN,
		spatialprops={
			pos={
				29.011929,
				1.655123,
				-17.323503
			},
			orient={
				{
					-0.194809,
					0,
					0.980841
				},
				{
					0.073074,
					0.997221,
					0.014513
				},
				{
					-0.978115,
					0.074501,
					-0.194267
				}
			}
		},
		cameraprops={
			fovh=25,
			hvaspect=1.85,
			nearplane=0.4,
			farplane=4000
		}
	},
	{
		entity_name="Zs/NPC/Shipdealer/01/P/Stand",
		type=MARKER,
		template_name="",
		lt_grp=0,
		srt_grp=0,
		usr_flg=0,
		spatialprops={
			pos={
				29.238768,
				0,
				-16.772562
			},
			orient={
				{
					0.798501,
					0,
					0.601993
				},
				{
					0,
					1,
					0
				},
				{
					-0.601993,
					0,
					0.798501
				}
			}
		}
	},
	{
		entity_name="Zs/NPC/Shipdealer/01/P2/Stand",
		type=MARKER,
		template_name="",
		lt_grp=0,
		srt_grp=0,
		usr_flg=0,
		spatialprops={
			pos={
				29.238768,
				0,
				-16.772562
			},
			orient={
				{
					0.798501,
					0,
					0.601993
				},
				{
					0,
					1,
					0
				},
				{
					-0.601993,
					0,
					0.798501
				}
			}
		}
	},
	{
		entity_name="Zs/NPC/Shipdealer/01/PC2/Camera",
		type=CAMERA,
		template_name="",
		lt_grp=0,
		srt_grp=0,
		usr_flg=0,
		flags=HIDDEN,
		spatialprops={
			pos={
				28.854019,
				1.262663,
				-18.893047
			},
			orient={
				{
					-0.93851,
					0,
					0.345253
				},
				{
					0.001091,
					0.999995,
					0.002965
				},
				{
					-0.345251,
					0.003159,
					-0.938505
				}
			}
		},
		cameraprops={
			fovh=30,
			hvaspect=1.85,
			nearplane=0.4,
			farplane=4000
		}
	},
	{
		entity_name="Zs/NPC/Shipdealer/01/PCO/Camera",
		type=CAMERA,
		template_name="",
		lt_grp=0,
		srt_grp=0,
		usr_flg=0,
		flags=HIDDEN,
		spatialprops={
			pos={
				30.354649,
				1.782288,
				-17.991545
			},
			orient={
				{
					-0.851626,
					0,
					-0.52415
				},
				{
					-0.098611,
					0.982143,
					0.16022
				},
				{
					0.51479,
					0.188134,
					-0.836419
				}
			}
		},
		cameraprops={
			fovh=25,
			hvaspect=1.85,
			nearplane=0.4,
			farplane=4000
		}
	},
	{
		entity_name="Zs/NPC/Shipdealer/01/PCS/Camera",
		type=CAMERA,
		template_name="",
		lt_grp=0,
		srt_grp=0,
		usr_flg=0,
		flags=HIDDEN,
		spatialprops={
			pos={
				29.903809,
				1.654431,
				-17.729042
			},
			orient={
				{
					-0.884289,
					0,
					-0.46694
				},
				{
					-0.03737,
					0.996792,
					0.070771
				},
				{
					0.465443,
					0.08003100000000001,
					-0.881452
				}
			}
		},
		cameraprops={
			fovh=25,
			hvaspect=1.85,
			nearplane=0.4,
			farplane=4000
		}
	},
	{
		entity_name="Zs/NPC/Trader/01/AC2/Camera",
		type=CAMERA,
		template_name="",
		lt_grp=0,
		srt_grp=0,
		usr_flg=0,
		flags=HIDDEN,
		spatialprops={
			pos={
				20.18157,
				1.677214,
				20.209925
			},
			orient={
				{
					0.921072,
					0,
					0.389392
				},
				{
					0.065811,
					0.985614,
					-0.15567
				},
				{
					-0.38379,
					0.169009,
					0.907822
				}
			}
		},
		cameraprops={
			fovh=29.999996,
			hvaspect=1.85,
			nearplane=0.3,
			farplane=4000
		}
	},
	{
		entity_name="Zs/NPC/Trader/01/ACOH/Camera",
		type=CAMERA,
		template_name="",
		lt_grp=0,
		srt_grp=0,
		usr_flg=0,
		flags=HIDDEN,
		spatialprops={
			pos={
				19.77212,
				1.7645,
				18.997919
			},
			orient={
				{
					0.348317,
					0,
					0.937377
				},
				{
					0.167673,
					0.983872,
					-0.062305
				},
				{
					-0.9222590000000001,
					0.178874,
					0.3427
				}
			}
		},
		cameraprops={
			fovh=25,
			hvaspect=1.85,
			nearplane=0.3,
			farplane=4000
		}
	},
	{
		entity_name="Zs/NPC/Trader/01/ACS/Camera",
		type=CAMERA,
		template_name="",
		lt_grp=0,
		srt_grp=0,
		usr_flg=0,
		flags=HIDDEN,
		spatialprops={
			pos={
				20.220881,
				1.596471,
				19.066452
			},
			orient={
				{
					0.382791,
					0,
					0.923835
				},
				{
					0.030718,
					0.999447,
					-0.012728
				},
				{
					-0.923324,
					0.033251,
					0.382579
				}
			}
		},
		cameraprops={
			fovh=25,
			hvaspect=1.85,
			nearplane=0.3,
			farplane=4000
		}
	},
	{
		entity_name="Zs/NPC/Trader/01/P/Stand",
		type=MARKER,
		template_name="",
		lt_grp=0,
		srt_grp=0,
		usr_flg=0,
		spatialprops={
			pos={
				19.695667,
				-0.0054,
				18.605083
			},
			orient={
				{
					-0.308134,
					0,
					0.9513430000000001
				},
				{
					0,
					1,
					0
				},
				{
					-0.9513430000000001,
					0,
					-0.308134
				}
			}
		}
	},
	{
		entity_name="Zs/NPC/Trader/01/P2/Stand",
		type=MARKER,
		template_name="",
		lt_grp=0,
		srt_grp=0,
		usr_flg=0,
		spatialprops={
			pos={
				20.195488,
				0,
				18.724508
			},
			orient={
				{
					-0.308134,
					0,
					0.9513430000000001
				},
				{
					0,
					1,
					0
				},
				{
					-0.9513430000000001,
					0,
					-0.308134
				}
			}
		}
	},
	{
		entity_name="Zs/NPC/Trader/01/PC2/Camera",
		type=CAMERA,
		template_name="",
		lt_grp=0,
		srt_grp=0,
		usr_flg=0,
		flags=HIDDEN,
		spatialprops={
			pos={
				21.551622,
				1.731246,
				20.125462
			},
			orient={
				{
					0.909669,
					0,
					-0.415333
				},
				{
					-0.086698,
					0.97797,
					-0.189887
				},
				{
					0.406184,
					0.208743,
					0.88963
				}
			}
		},
		cameraprops={
			fovh=29.999996,
			hvaspect=1.85,
			nearplane=0.3,
			farplane=4000
		}
	},
	{
		entity_name="Zs/NPC/Trader/01/PCO/Camera",
		type=CAMERA,
		template_name="",
		lt_grp=0,
		srt_grp=0,
		usr_flg=0,
		flags=HIDDEN,
		spatialprops={
			pos={
				22.039036,
				1.614347,
				19.325262
			},
			orient={
				{
					0.479999,
					0,
					-0.877269
				},
				{
					-0.039224,
					0.999,
					-0.021461
				},
				{
					0.876392,
					0.044711,
					0.479519
				}
			}
		},
		cameraprops={
			fovh=25,
			hvaspect=1.85,
			nearplane=0.3,
			farplane=4000
		}
	},
	{
		entity_name="Zs/NPC/Trader/01/PCS/Camera",
		type=CAMERA,
		template_name="",
		lt_grp=0,
		srt_grp=0,
		usr_flg=0,
		flags=HIDDEN,
		spatialprops={
			pos={
				21.360891,
				1.614689,
				19.096552
			},
			orient={
				{
					0.521583,
					0,
					-0.8532
				},
				{
					-0.047688,
					0.998437,
					-0.029153
				},
				{
					0.851867,
					0.055893,
					0.520768
				}
			}
		},
		cameraprops={
			fovh=25,
			hvaspect=1.85,
			nearplane=0.3,
			farplane=4000
		}
	},
	{
		entity_name="Camera_Equip_Desk",
		type=CAMERA,
		template_name="",
		lt_grp=0,
		srt_grp=0,
		usr_flg=0,
		spatialprops={
			pos={
				-13.127193,
				1.568551,
				19.142591
			},
			orient={
				{
					0.844095,
					0,
					0.536193
				},
				{
					-0.032789,
					0.998128,
					0.051618
				},
				{
					-0.535189,
					-0.061152,
					0.842516
				}
			}
		},
		cameraprops={
			fovh=30,
			hvaspect=1.777777,
			nearplane=0.3,
			farplane=4000
		}
	},
	{
		entity_name="LtShadowSource",
		type=LIGHT,
		template_name="",
		lt_grp=0,
		srt_grp=0,
		usr_flg=0,
		spatialprops={
			pos={
				0.441345,
				-1.622984,
				1.088021
			},
			orient={
				{
					0.060139,
					-0.154655,
					0.986136
				},
				{
					-0.985208,
					-0.168008,
					0.033734
				},
				{
					0.160462,
					-0.973579,
					-0.162471
				}
			}
		},
		lightprops={
			on=N,
			color={
				0,
				0,
				0
			},
			diffuse={
				0,
				0,
				0
			},
			specular={
				0,
				0,
				0
			},
			ambient={
				0,
				0,
				0
			},
			direction={
				0,
				0,
				1
			},
			range=2000,
			cutoff=90,
			type=L_DIRECT,
			theta=90,
			atten={
				1,
				0,
				4e-006
			}
		}
	},
	{
		entity_name="Zs/NPC/Equipment/01/A/Stand",
		type=MARKER,
		template_name="",
		lt_grp=0,
		srt_grp=0,
		usr_flg=0,
		spatialprops={
			pos={
				-10.708717,
				0,
				12.764157
			},
			orient={
				{
					-0.650037,
					0,
					-0.759902
				},
				{
					0,
					1,
					0
				},
				{
					0.759902,
					0,
					-0.650037
				}
			}
		}
	},
	{
		entity_name="X/Shipcentre/01",
		type=MARKER,
		template_name="",
		lt_grp=0,
		srt_grp=0,
		usr_flg=0,
		spatialprops={
			pos={
				0.441345,
				0,
				1.088021
			},
			orient={
				{
					-0.972442,
					0,
					-0.233145
				},
				{
					0,
					1,
					0
				},
				{
					0.233145,
					0,
					-0.972442
				}
			}
		}
	},
	{
		entity_name="Player_Equip",
		type=MARKER,
		template_name="",
		lt_grp=3,
		srt_grp=0,
		usr_flg=0,
		spatialprops={
			pos={
				-11.80083,
				0,
				13.504722
			},
			orient={
				{
					0.316413,
					0,
					0.948622
				},
				{
					0,
					1,
					0
				},
				{
					-0.948622,
					0,
					0.316413
				}
			}
		}
	},
	{
		entity_name="Camera_0_Old",
		type=CAMERA,
		template_name="",
		lt_grp=0,
		srt_grp=0,
		usr_flg=0,
		spatialprops={
			pos={
				-17.474062,
				14.648162,
				33.394001
			},
			orient={
				{
					0.845487,
					0,
					0.533996
				},
				{
					0.131505,
					0.969202,
					-0.208215
				},
				{
					-0.51755,
					0.246266,
					0.819448
				}
			}
		},
		cameraprops={
			fovh=35,
			hvaspect=1.777777,
			nearplane=0.3,
			farplane=4000
		}
	},
	{
		entity_name="LtGlareSource",
		type=LIGHT,
		template_name="",
		lt_grp=0,
		srt_grp=0,
		usr_flg=0,
		spatialprops={
			pos={
				-8.310938,
				21.121153,
				34.211304
			},
			orient={
				{
					0.968489,
					0,
					0.249057
				},
				{
					0.038944,
					0.987699,
					-0.151439
				},
				{
					-0.245993,
					0.156366,
					0.956576
				}
			}
		},
		lightprops={
			on=N,
			color={
				255,
				255,
				255
			},
			diffuse={
				0.164706,
				0.164706,
				0.164706
			},
			specular={
				0,
				0,
				0
			},
			ambient={
				0,
				0,
				0
			},
			direction={
				0,
				0,
				1
			},
			range=2000,
			cutoff=98.999977,
			type=L_POINT,
			theta=90,
			atten={
				1,
				0,
				4e-006
			}
		}
	},
	{
		entity_name="Zg/NPC/mFloor1/01/A/Stand",
		type=MARKER,
		template_name="",
		lt_grp=0,
		srt_grp=0,
		usr_flg=0,
		spatialprops={
			pos={
				24.357328,
				0,
				21.28488
			},
			orient={
				{
					-0.5253330000000001,
					0,
					-0.850897
				},
				{
					0,
					1,
					0
				},
				{
					0.850897,
					0,
					-0.5253330000000001
				}
			}
		}
	},
	{
		entity_name="Zs/NPC/Shipdealer/01/A/Stand",
		type=MARKER,
		template_name="",
		lt_grp=0,
		srt_grp=0,
		usr_flg=0,
		spatialprops={
			pos={
				30.144106,
				0,
				-17.273314
			},
			orient={
				{
					-0.050986,
					0,
					-0.998699
				},
				{
					0,
					1,
					0
				},
				{
					0.998699,
					0,
					-0.050986
				}
			}
		}
	},
	{
		entity_name="Zg/NPC/mFloor1/02/A/Stand",
		type=MARKER,
		template_name="",
		lt_grp=0,
		srt_grp=0,
		usr_flg=0,
		spatialprops={
			pos={
				7.608055,
				0,
				12.91642
			},
			orient={
				{
					-0.775739,
					0,
					-0.631054
				},
				{
					0,
					1,
					0
				},
				{
					0.631054,
					0,
					-0.775739
				}
			}
		}
	},
	{
		entity_name="Player_Ship",
		type=MARKER,
		template_name="",
		lt_grp=3,
		srt_grp=0,
		usr_flg=0,
		spatialprops={
			pos={
				29.238768,
				0,
				-16.772562
			},
			orient={
				{
					0.798501,
					0,
					0.601993
				},
				{
					0,
					1,
					0
				},
				{
					-0.601993,
					0,
					0.798501
				}
			}
		}
	},
	{
		entity_name="Zs/NPC/mFloor1/01/P/Stand",
		type=MARKER,
		template_name="",
		lt_grp=0,
		srt_grp=0,
		usr_flg=0,
		spatialprops={
			pos={
				23.295366,
				-0.0054,
				22.506598
			},
			orient={
				{
					0.727223,
					0,
					0.686401
				},
				{
					0,
					1,
					0
				},
				{
					-0.686401,
					0,
					0.727223
				}
			}
		}
	},
	{
		entity_name="Zs/NPC/mFloor1/01/P2/Stand",
		type=MARKER,
		template_name="",
		lt_grp=0,
		srt_grp=0,
		usr_flg=0,
		spatialprops={
			pos={
				23.61763,
				0,
				22.10631
			},
			orient={
				{
					0.727223,
					0,
					0.686401
				},
				{
					0,
					1,
					0
				},
				{
					-0.686401,
					0,
					0.727223
				}
			}
		}
	},
	{
		entity_name="Zs/NPC/mFloor1/02/P/Stand",
		type=MARKER,
		template_name="",
		lt_grp=0,
		srt_grp=0,
		usr_flg=0,
		spatialprops={
			pos={
				7.006458,
				-0.0054,
				14.419229
			},
			orient={
				{
					0.912374,
					0,
					0.409358
				},
				{
					0,
					1,
					0
				},
				{
					-0.409358,
					0,
					0.912374
				}
			}
		}
	},
	{
		entity_name="Zs/NPC/mFloor1/02/P2/Stand",
		type=MARKER,
		template_name="",
		lt_grp=0,
		srt_grp=0,
		usr_flg=0,
		spatialprops={
			pos={
				7.179312,
				0,
				13.935282
			},
			orient={
				{
					0.912374,
					0,
					0.409358
				},
				{
					0,
					1,
					0
				},
				{
					-0.409358,
					0,
					0.912374
				}
			}
		}
	},
	{
		entity_name="Zs/NPC/Trader/01/A/Stand",
		type=MARKER,
		template_name="",
		lt_grp=0,
		srt_grp=0,
		usr_flg=0,
		spatialprops={
			pos={
				21.513994,
				0,
				18.77635
			},
			orient={
				{
					-0.072394,
					0,
					-0.997376
				},
				{
					0,
					1,
					0
				},
				{
					0.997376,
					0,
					-0.072394
				}
			}
		}
	},
	{
		entity_name="Camera_Track_1",
		type=CAMERA,
		template_name="",
		lt_grp=0,
		srt_grp=0,
		usr_flg=0,
		spatialprops={
			pos={
				-18.904039,
				14.3,
				14.651526
			},
			orient={
				{
					0.488054,
					0,
					0.872814
				},
				{
					0.303545,
					0.937577,
					-0.169734
				},
				{
					-0.818331,
					0.347777,
					0.457587
				}
			}
		},
		cameraprops={
			fovh=30,
			hvaspect=1.777777,
			nearplane=2,
			farplane=4000
		}
	},
	{
		entity_name="Camera_Track_2",
		type=CAMERA,
		template_name="",
		lt_grp=0,
		srt_grp=0,
		usr_flg=0,
		spatialprops={
			pos={
				11.535932,
				14.298191,
				21.944613
			},
			orient={
				{
					0.835642,
					0,
					-0.549275
				},
				{
					-0.184572,
					0.941852,
					-0.2808
				},
				{
					0.517336,
					0.336029,
					0.78705
				}
			}
		},
		cameraprops={
			fovh=30,
			hvaspect=1.777777,
			nearplane=2,
			farplane=4000
		}
	},
	{
		entity_name="Cart_br_booth02_Marker",
		type=MARKER,
		template_name="",
		lt_grp=0,
		srt_grp=0,
		usr_flg=0,
		spatialprops={
			pos={
				16.490477,
				0.996107,
				2.52364
			},
			orient={
				{
					0.835109,
					0,
					-0.550084
				},
				{
					0,
					1,
					0
				},
				{
					0.550084,
					0,
					0.835109
				}
			}
		}
	},
	{
		entity_name="Cart_br_booth01_Marker",
		type=MARKER,
		template_name="",
		lt_grp=0,
		srt_grp=0,
		usr_flg=0,
		spatialprops={
			pos={
				-17.284334,
				0.996107,
				-5.114984
			},
			orient={
				{
					-0.445668,
					0,
					0.895199
				},
				{
					0,
					1,
					0
				},
				{
					-0.895199,
					0,
					-0.445668
				}
			}
		}
	},
	{
		entity_name="Zs/NPC/mFloor1/01/AC2/Camera",
		type=CAMERA,
		template_name="",
		lt_grp=0,
		srt_grp=0,
		usr_flg=0,
		flags=HIDDEN,
		spatialprops={
			pos={
				22.578018,
				1.682559,
				21.082735
			},
			orient={
				{
					-0.40719,
					0,
					0.913344
				},
				{
					0.169823,
					0.9825620000000001,
					0.075711
				},
				{
					-0.897417,
					0.185935,
					-0.400089
				}
			}
		},
		cameraprops={
			fovh=29.999996,
			hvaspect=1.85,
			nearplane=0.3,
			farplane=4000
		}
	},
	{
		entity_name="Zs/NPC/mFloor1/01/ACOH/Camera",
		type=CAMERA,
		template_name="",
		lt_grp=0,
		srt_grp=0,
		usr_flg=0,
		flags=HIDDEN,
		spatialprops={
			pos={
				23.069996,
				1.776215,
				22.103584
			},
			orient={
				{
					0.328899,
					0,
					0.944365
				},
				{
					0.183312,
					0.9809790000000001,
					-0.063843
				},
				{
					-0.926403,
					0.194112,
					0.322643
				}
			}
		},
		cameraprops={
			fovh=25,
			hvaspect=1.85,
			nearplane=0.3,
			farplane=4000
		}
	},
	{
		entity_name="Zs/NPC/mFloor1/01/ACS/Camera",
		type=CAMERA,
		template_name="",
		lt_grp=0,
		srt_grp=0,
		usr_flg=0,
		flags=HIDDEN,
		spatialprops={
			pos={
				23.363111,
				1.668035,
				21.820011
			},
			orient={
				{
					0.305963,
					0,
					0.952043
				},
				{
					0.087628,
					0.995755,
					-0.028161
				},
				{
					-0.948002,
					0.092042,
					0.304665
				}
			}
		},
		cameraprops={
			fovh=25,
			hvaspect=1.85,
			nearplane=0.3,
			farplane=4000
		}
	},
	{
		entity_name="Zs/NPC/mFloor1/01/ACU/Camera",
		type=CAMERA,
		template_name="",
		lt_grp=0,
		srt_grp=0,
		usr_flg=0,
		flags=HIDDEN,
		spatialprops={
			pos={
				23.619823,
				1.678824,
				21.679026
			},
			orient={
				{
					0.351847,
					0,
					0.936057
				},
				{
					0.039012,
					0.999131,
					-0.014664
				},
				{
					-0.935244,
					0.041677,
					0.351542
				}
			}
		},
		cameraprops={
			fovh=25,
			hvaspect=1.85,
			nearplane=0.3,
			farplane=4000
		}
	},
	{
		entity_name="Zs/NPC/mFloor1/01/PC2/Camera",
		type=CAMERA,
		template_name="",
		lt_grp=0,
		srt_grp=0,
		usr_flg=0,
		flags=HIDDEN,
		spatialprops={
			pos={
				23.604774,
				1.692124,
				20.287992
			},
			orient={
				{
					-0.950314,
					0,
					0.311294
				},
				{
					0.05576,
					0.983827,
					0.170223
				},
				{
					-0.30626,
					0.179123,
					-0.934944
				}
			}
		},
		cameraprops={
			fovh=29.999996,
			hvaspect=1.85,
			nearplane=0.3,
			farplane=4000
		}
	},
	{
		entity_name="Zs/NPC/mFloor1/01/PCO/Camera",
		type=CAMERA,
		template_name="",
		lt_grp=0,
		srt_grp=0,
		usr_flg=0,
		flags=HIDDEN,
		spatialprops={
			pos={
				24.321978,
				1.725525,
				20.767876
			},
			orient={
				{
					-0.9635049999999999,
					0,
					-0.267691
				},
				{
					-0.04302,
					0.9870020000000001,
					0.154842
				},
				{
					0.264212,
					0.160707,
					-0.950981
				}
			}
		},
		cameraprops={
			fovh=25,
			hvaspect=1.85,
			nearplane=0.3,
			farplane=4000
		}
	},
	{
		entity_name="Zs/NPC/mFloor1/01/PCS/Camera",
		type=CAMERA,
		template_name="",
		lt_grp=0,
		srt_grp=0,
		usr_flg=0,
		flags=HIDDEN,
		spatialprops={
			pos={
				24.115568,
				1.69623,
				21.019123
			},
			orient={
				{
					-0.9695780000000001,
					0,
					-0.244783
				},
				{
					-0.029313,
					0.992804,
					0.116107
				},
				{
					0.243021,
					0.119751,
					-0.962601
				}
			}
		},
		cameraprops={
			fovh=25,
			hvaspect=1.85,
			nearplane=0.3,
			farplane=4000
		}
	},
	{
		entity_name="Zs/NPC/mFloor1/01/PCU/Camera",
		type=CAMERA,
		template_name="",
		lt_grp=0,
		srt_grp=0,
		usr_flg=0,
		flags=HIDDEN,
		spatialprops={
			pos={
				23.885103,
				1.713913,
				21.409401
			},
			orient={
				{
					-0.973723,
					0,
					-0.227736
				},
				{
					-0.020302,
					0.996018,
					0.08680599999999999
				},
				{
					0.226829,
					0.08914800000000001,
					-0.969846
				}
			}
		},
		cameraprops={
			fovh=25,
			hvaspect=1.85,
			nearplane=0.3,
			farplane=4000
		}
	},
	{
		entity_name="Zs/NPC/mFloor1/01/WFC/Camera",
		type=CAMERA,
		template_name="",
		lt_grp=0,
		srt_grp=0,
		usr_flg=0,
		flags=HIDDEN,
		spatialprops={
			pos={
				17.672363,
				2.394701,
				20.985563
			},
			orient={
				{
					-0.189428,
					0,
					0.981895
				},
				{
					0.146377,
					0.988826,
					0.028239
				},
				{
					-0.970923,
					0.149076,
					-0.187311
				}
			}
		},
		cameraprops={
			fovh=29.999996,
			hvaspect=1.85,
			nearplane=0.3,
			farplane=4000
		}
	},
	{
		entity_name="Zs/NPC/mFloor1/02/AC2/Camera",
		type=CAMERA,
		template_name="",
		lt_grp=0,
		srt_grp=0,
		usr_flg=0,
		flags=HIDDEN,
		spatialprops={
			pos={
				5.86111,
				1.682559,
				13.310108
			},
			orient={
				{
					-0.080071,
					0,
					0.996789
				},
				{
					0.185358,
					0.982558,
					0.01489
				},
				{
					-0.979403,
					0.185955,
					-0.07867399999999999
				}
			}
		},
		cameraprops={
			fovh=29.999996,
			hvaspect=1.85,
			nearplane=0.3,
			farplane=4000
		}
	},
	{
		entity_name="Zs/NPC/mFloor1/02/ACOH/Camera",
		type=CAMERA,
		template_name="",
		lt_grp=0,
		srt_grp=0,
		usr_flg=0,
		flags=HIDDEN,
		spatialprops={
			pos={
				6.693211,
				1.778415,
				14.107258
			},
			orient={
				{
					0.634941,
					0,
					0.7725610000000001
				},
				{
					0.15304,
					0.980183,
					-0.125778
				},
				{
					-0.757251,
					0.198095,
					0.622358
				}
			}
		},
		cameraprops={
			fovh=25,
			hvaspect=1.85,
			nearplane=0.3,
			farplane=4000
		}
	},
	{
		entity_name="Zs/NPC/mFloor1/02/ACS/Camera",
		type=CAMERA,
		template_name="",
		lt_grp=0,
		srt_grp=0,
		usr_flg=0,
		flags=HIDDEN,
		spatialprops={
			pos={
				6.778597,
				1.676558,
				13.800412
			},
			orient={
				{
					0.598235,
					0,
					0.80132
				},
				{
					0.080715,
					0.994914,
					-0.060259
				},
				{
					-0.797245,
					0.100727,
					0.595193
				}
			}
		},
		cameraprops={
			fovh=25,
			hvaspect=1.85,
			nearplane=0.3,
			farplane=4000
		}
	},
	{
		entity_name="Zs/NPC/mFloor1/02/ACU/Camera",
		type=CAMERA,
		template_name="",
		lt_grp=0,
		srt_grp=0,
		usr_flg=0,
		flags=HIDDEN,
		spatialprops={
			pos={
				7.047908,
				1.708137,
				13.506037
			},
			orient={
				{
					0.626092,
					0,
					0.779749
				},
				{
					0.063025,
					0.996728,
					-0.050605
				},
				{
					-0.7771980000000001,
					0.080827,
					0.624044
				}
			}
		},
		cameraprops={
			fovh=25,
			hvaspect=1.85,
			nearplane=0.3,
			farplane=4000
		}
	},
	{
		entity_name="Zs/NPC/mFloor1/02/PC2/Camera",
		type=CAMERA,
		template_name="",
		lt_grp=0,
		srt_grp=0,
		usr_flg=0,
		flags=HIDDEN,
		spatialprops={
			pos={
				6.569743,
				1.692124,
				12.222136
			},
			orient={
				{
					-0.795276,
					0,
					0.606247
				},
				{
					0.108593,
					0.983827,
					0.142452
				},
				{
					-0.596442,
					0.179123,
					-0.7824140000000001
				}
			}
		},
		cameraprops={
			fovh=29.999996,
			hvaspect=1.85,
			nearplane=0.3,
			farplane=4000
		}
	},
	{
		entity_name="Zs/NPC/mFloor1/02/PCO/Camera",
		type=CAMERA,
		template_name="",
		lt_grp=0,
		srt_grp=0,
		usr_flg=0,
		flags=HIDDEN,
		spatialprops={
			pos={
				7.393347,
				1.714799,
				12.439459
			},
			orient={
				{
					-0.9966930000000001,
					0,
					0.081259
				},
				{
					0.012013,
					0.989012,
					0.147346
				},
				{
					-0.08036600000000001,
					0.147835,
					-0.985741
				}
			}
		},
		cameraprops={
			fovh=25,
			hvaspect=1.85,
			nearplane=0.3,
			farplane=4000
		}
	},
	{
		entity_name="Zs/NPC/mFloor1/02/PCS/Camera",
		type=CAMERA,
		template_name="",
		lt_grp=0,
		srt_grp=0,
		usr_flg=0,
		flags=HIDDEN,
		spatialprops={
			pos={
				7.219939,
				1.683237,
				12.7801
			},
			orient={
				{
					-0.989576,
					0,
					0.144014
				},
				{
					0.015353,
					0.994301,
					0.105496
				},
				{
					-0.143193,
					0.106608,
					-0.983936
				}
			}
		},
		cameraprops={
			fovh=25,
			hvaspect=1.85,
			nearplane=0.3,
			farplane=4000
		}
	},
	{
		entity_name="Zs/NPC/mFloor1/02/PCU/Camera",
		type=CAMERA,
		template_name="",
		lt_grp=0,
		srt_grp=0,
		usr_flg=0,
		flags=HIDDEN,
		spatialprops={
			pos={
				7.216958,
				1.71979,
				13.189621
			},
			orient={
				{
					-0.996169,
					0,
					0.087448
				},
				{
					0.008175,
					0.995621,
					0.093125
				},
				{
					-0.087065,
					0.093483,
					-0.991807
				}
			}
		},
		cameraprops={
			fovh=25,
			hvaspect=1.85,
			nearplane=0.3,
			farplane=4000
		}
	},
	{
		entity_name="Zs/NPC/mFloor1/01/TCI/Camera",
		type=CAMERA,
		template_name="",
		lt_grp=0,
		srt_grp=0,
		usr_flg=0,
		flags=HIDDEN,
		spatialprops={
			pos={
				23.078794,
				2.11388,
				21.606546
			},
			orient={
				{
					0.111683,
					0,
					0.993744
				},
				{
					0.698931,
					0.710863,
					-0.07855
				},
				{
					-0.706415,
					0.703331,
					0.079391
				}
			}
		},
		cameraprops={
			fovh=14.999998,
			hvaspect=1.85,
			nearplane=0.3,
			farplane=4000
		}
	},
	{
		entity_name="Zs/NPC/mFloor1/02/TCI/Camera",
		type=CAMERA,
		template_name="",
		lt_grp=0,
		srt_grp=0,
		usr_flg=0,
		flags=HIDDEN,
		spatialprops={
			pos={
				6.725443,
				2.086546,
				13.858732
			},
			orient={
				{
					0.6375110000000001,
					0,
					0.770442
				},
				{
					0.5288580000000001,
					0.727192,
					-0.437609
				},
				{
					-0.560259,
					0.686434,
					0.463592
				}
			}
		},
		cameraprops={
			fovh=14.999998,
			hvaspect=1.85,
			nearplane=0.3,
			farplane=4000
		}
	},
	{
		entity_name="Zs/NPC/mFloor1/02/WFC/Camera",
		type=CAMERA,
		template_name="",
		lt_grp=0,
		srt_grp=0,
		usr_flg=0,
		flags=HIDDEN,
		spatialprops={
			pos={
				-0.305052,
				0.091445,
				0.37779
			},
			orient={
				{
					-0.861719,
					0,
					0.507385
				},
				{
					-0.141604,
					0.960266,
					-0.240494
				},
				{
					-0.487225,
					-0.279086,
					-0.82748
				}
			}
		},
		cameraprops={
			fovh=29.999989,
			hvaspect=1.85,
			nearplane=0.3,
			farplane=4000
		}
	}
	,
	{
		entity_name="Camera_Trader_Desk",
		type=CAMERA,
		template_name="",
		lt_grp=0,
		srt_grp=0,
		usr_flg=0,
		spatialprops={
			pos={
				15.723481,
				1.403354,
				23.17312
			},
			orient={
				{
					0.391249,
					0,
					0.920285
				},
				{
					-0.044238,
					0.998844,
					0.018807
				},
				{
					-0.919221,
					-0.04807,
					0.390797
				}
			}
		},
		cameraprops={
			fovh=30,
			hvaspect=1.777777,
			nearplane=0.3,
			farplane=4000
		}
	},
	{
		entity_name="Camera_Trader_Wide_old",
		type=CAMERA,
		template_name="",
		lt_grp=0,
		srt_grp=0,
		usr_flg=0,
		spatialprops={
			pos={
				-3.89972,
				12.209518,
				25.888338
			},
			orient={
				{
					0.473094,
					0,
					0.881012
				},
				{
					0.227352,
					0.96613,
					-0.122085
				},
				{
					-0.851172,
					0.258058,
					0.45707
				}
			}
		},
		cameraprops={
			fovh=35,
			hvaspect=1.777777,
			nearplane=0.3,
			farplane=4000
		}
	},
	{
		entity_name="Camera_Ship_Desk",
		type=CAMERA,
		template_name="",
		lt_grp=0,
		srt_grp=0,
		usr_flg=0,
		spatialprops={
			pos={
				27.028761,
				0.428227,
				-23.747215
			},
			orient={
				{
					-0.80374,
					0,
					0.594981
				},
				{
					-0.126355,
					0.97719,
					-0.170688
				},
				{
					-0.58141,
					-0.212368,
					-0.7854060000000001
				}
			}
		},
		cameraprops={
			fovh=26,
			hvaspect=1.777777,
			nearplane=1,
			farplane=4000
		}
	},
	{
		entity_name="Zs/NPC/mFloor1/03/ACU/Camera",
		type=CAMERA,
		template_name="",
		lt_grp=0,
		srt_grp=0,
		usr_flg=0,
		flags=HIDDEN,
		spatialprops={
			pos={
				37.336124,
				1.674943,
				-16.79775
			},
			orient={
				{
					-0.089076,
					0,
					0.9960250000000001
				},
				{
					0.018986,
					0.999818,
					0.001698
				},
				{
					-0.995844,
					0.019061,
					-0.08906
				}
			}
		},
		cameraprops={
			fovh=25,
			hvaspect=1.85,
			nearplane=0.3,
			farplane=4000
		}
	},
	{
		entity_name="Zs/NPC/mFloor1/03/AC2/Camera",
		type=CAMERA,
		template_name="",
		lt_grp=0,
		srt_grp=0,
		usr_flg=0,
		flags=HIDDEN,
		spatialprops={
			pos={
				35.916145,
				1.545508,
				-17.944038
			},
			orient={
				{
					-0.711499,
					0,
					0.702687
				},
				{
					0.094416,
					0.990932,
					0.0956
				},
				{
					-0.696315,
					0.134364,
					-0.705047
				}
			}
		},
		cameraprops={
			fovh=30,
			hvaspect=1.85,
			nearplane=0.4,
			farplane=4000
		}
	},
	{
		entity_name="Zs/NPC/mFloor1/03/ACOH/Camera",
		type=CAMERA,
		template_name="",
		lt_grp=0,
		srt_grp=0,
		usr_flg=0,
		flags=HIDDEN,
		spatialprops={
			pos={
				36.392567,
				1.762474,
				-16.81076
			},
			orient={
				{
					-0.210395,
					0,
					0.977616
				},
				{
					0.167164,
					0.985273,
					0.035976
				},
				{
					-0.9632190000000001,
					0.170992,
					-0.207296
				}
			}
		},
		cameraprops={
			fovh=25,
			hvaspect=1.85,
			nearplane=0.4,
			farplane=4000
		}
	},
	{
		entity_name="Zs/NPC/mFloor1/03/ACS/Camera",
		type=CAMERA,
		template_name="",
		lt_grp=0,
		srt_grp=0,
		usr_flg=0,
		flags=HIDDEN,
		spatialprops={
			pos={
				36.970558,
				1.675333,
				-16.80444
			},
			orient={
				{
					-0.115199,
					0,
					0.993342
				},
				{
					0.09249300000000001,
					0.995656,
					0.010727
				},
				{
					-0.989027,
					0.093113,
					-0.114699
				}
			}
		},
		cameraprops={
			fovh=25,
			hvaspect=1.85,
			nearplane=0.4,
			farplane=4000
		}
	},
	{
		entity_name="Zs/NPC/mFloor1/03/P/Stand",
		type=MARKER,
		template_name="",
		lt_grp=0,
		srt_grp=0,
		usr_flg=0,
		spatialprops={
			pos={
				36.710968,
				0,
				-16.076147
			},
			orient={
				{
					0.702475,
					0,
					0.711709
				},
				{
					0,
					1,
					0
				},
				{
					-0.711709,
					0,
					0.702475
				}
			}
		}
	},
	{
		entity_name="Zs/NPC/mFloor1/03/P2/Stand",
		type=MARKER,
		template_name="",
		lt_grp=0,
		srt_grp=0,
		usr_flg=0,
		spatialprops={
			pos={
				37.047199,
				0,
				-16.464779
			},
			orient={
				{
					0.702475,
					0,
					0.711709
				},
				{
					0,
					1,
					0
				},
				{
					-0.711709,
					0,
					0.702475
				}
			}
		}
	},
	{
		entity_name="Zs/NPC/mFloor1/03/PC2/Camera",
		type=CAMERA,
		template_name="",
		lt_grp=0,
		srt_grp=0,
		usr_flg=0,
		flags=HIDDEN,
		spatialprops={
			pos={
				37.425201,
				1.418609,
				-18.704435
			},
			orient={
				{
					-0.999462,
					0,
					0.032804
				},
				{
					0.002469,
					0.997163,
					0.075238
				},
				{
					-0.032711,
					0.075278,
					-0.996626
				}
			}
		},
		cameraprops={
			fovh=30,
			hvaspect=1.85,
			nearplane=0.4,
			farplane=4000
		}
	},
	{
		entity_name="Zs/NPC/mFloor1/03/PCO/Camera",
		type=CAMERA,
		template_name="",
		lt_grp=0,
		srt_grp=0,
		usr_flg=0,
		flags=HIDDEN,
		spatialprops={
			pos={
				38.394512,
				1.775198,
				-17.405935
			},
			orient={
				{
					-0.7297590000000001,
					0,
					-0.683704
				},
				{
					-0.129332,
					0.981946,
					0.138044
				},
				{
					0.67136,
					0.189163,
					-0.716584
				}
			}
		},
		cameraprops={
			fovh=25,
			hvaspect=1.85,
			nearplane=0.3,
			farplane=4000
		}
	},
	{
		entity_name="Zs/NPC/mFloor1/03/PCS/Camera",
		type=CAMERA,
		template_name="",
		lt_grp=0,
		srt_grp=0,
		usr_flg=0,
		flags=HIDDEN,
		spatialprops={
			pos={
				37.948288,
				1.693039,
				-17.106152
			},
			orient={
				{
					-0.695522,
					0,
					-0.718505
				},
				{
					-0.073855,
					0.994703,
					0.071493
				},
				{
					0.714699,
					0.10279,
					-0.691838
				}
			}
		},
		cameraprops={
			fovh=25,
			hvaspect=1.85,
			nearplane=0.3,
			farplane=4000
		}
	},
	{
		entity_name="Zs/NPC/mFloor1/03/PCU/Camera",
		type=CAMERA,
		template_name="",
		lt_grp=0,
		srt_grp=0,
		usr_flg=0,
		flags=HIDDEN,
		spatialprops={
			pos={
				37.678848,
				1.689834,
				-16.860884
			},
			orient={
				{
					-0.629926,
					0,
					-0.776655
				},
				{
					-0.025678,
					0.999453,
					0.020826
				},
				{
					0.77623,
					0.033062,
					-0.629582
				}
			}
		},
		cameraprops={
			fovh=25,
			hvaspect=1.85,
			nearplane=0.3,
			farplane=4000
		}
	},
	{
		entity_name="Zs/NPC/mFloor1/03/TCI/Camera",
		type=CAMERA,
		template_name="",
		lt_grp=0,
		srt_grp=0,
		usr_flg=0,
		flags=HIDDEN,
		spatialprops={
			pos={
				35.940502,
				2.650528,
				-16.972982
			},
			orient={
				{
					-0.149589,
					0,
					0.988748
				},
				{
					0.63166,
					0.769333,
					0.095564
				},
				{
					-0.7606770000000001,
					0.638848,
					-0.115084
				}
			}
		},
		cameraprops={
			fovh=15,
			hvaspect=1.85,
			nearplane=0.5,
			farplane=4000
		}
	},
	{
		entity_name="Zs/NPC/mFloor1/03/WFC/Camera",
		type=CAMERA,
		template_name="",
		lt_grp=0,
		srt_grp=0,
		usr_flg=0,
		flags=HIDDEN,
		spatialprops={
			pos={
				24.353216,
				7.368717,
				-24.138807
			},
			orient={
				{
					-0.816813,
					0,
					0.5769030000000001
				},
				{
					0.120896,
					0.977796,
					0.171172
				},
				{
					-0.564093,
					0.209561,
					-0.7986760000000001
				}
			}
		},
		cameraprops={
			fovh=30,
			hvaspect=1.85,
			nearplane=0.5,
			farplane=4000
		}
	},
	{
		entity_name="Camera_Ship_Wide",
		type=CAMERA,
		template_name="",
		lt_grp=0,
		srt_grp=0,
		usr_flg=0,
		spatialprops={
			pos={
				34.596058,
				11.866308,
				-29.096443
			},
			orient={
				{
					-0.988174,
					0,
					0.153335
				},
				{
					0.06882000000000001,
					0.893622,
					0.443512
				},
				{
					-0.137024,
					0.44882,
					-0.883054
				}
			}
		},
		cameraprops={
			fovh=30,
			hvaspect=1.777777,
			nearplane=1,
			farplane=4000
		}
	},
	{
		entity_name="X/Shipcentre/02",
		type=MARKER,
		template_name="",
		lt_grp=0,
		srt_grp=0,
		usr_flg=0,
		spatialprops={
			pos={
				37.634865,
				0.001932,
				-9.159636000000001
			},
			orient={
				{
					0.936256,
					0,
					0.351318
				},
				{
					0,
					1,
					0
				},
				{
					-0.351318,
					0,
					0.936256
				}
			}
		}
	},
	{
		entity_name="Prop_Ship02_B_Elite_Mkr",
		type=MARKER,
		template_name="",
		lt_grp=0,
		srt_grp=0,
		usr_flg=0,
		spatialprops={
			pos={
				38.137562,
				0,
				-3.925514
			},
			orient={
				{
					0.928872,
					0,
					0.370401
				},
				{
					0,
					1,
					0
				},
				{
					-0.370401,
					0,
					0.928872
				}
			}
		}
	},
	{
		entity_name="Player_Trader",
		type=MARKER,
		template_name="",
		lt_grp=3,
		srt_grp=0,
		usr_flg=0,
		spatialprops={
			pos={
				20.195488,
				0,
				18.724508
			},
			orient={
				{
					-0.308134,
					0,
					0.9513430000000001
				},
				{
					0,
					1,
					0
				},
				{
					-0.9513430000000001,
					0,
					-0.308134
				}
			}
		}
	},
	{
		entity_name="Zg/PC/Player/01/A/Stand",
		type=MARKER,
		template_name="",
		lt_grp=0,
		srt_grp=0,
		usr_flg=0,
		spatialprops={
			pos={
				-17.890499,
				0,
				-13.509357
			},
			orient={
				{
					-0.6260520000000001,
					0,
					0.779781
				},
				{
					0,
					1,
					0
				},
				{
					-0.779781,
					0,
					-0.6260520000000001
				}
			}
		}
	},
	{
		entity_name="Zg/NPC/mFloor1/03/A/Stand",
		type=MARKER,
		template_name="",
		lt_grp=0,
		srt_grp=0,
		usr_flg=0,
		spatialprops={
			pos={
				38.088909,
				0,
				-16.82658
			},
			orient={
				{
					-0.235868,
					0,
					-0.971785
				},
				{
					0,
					1,
					0
				},
				{
					0.971785,
					0,
					-0.235868
				}
			}
		}
	},
	{
		entity_name="Bin_artifacts_1_1",
		type=COMPOUND,
		template_name="StackGrey_hivalue",
		lt_grp=3,
		srt_grp=0,
		usr_flg=0,
		flags=LIT_DYNAMIC,
		spatialprops={
			pos={
				26.176434,
				0.368796,
				22.845898
			},
			orient={
				{
					0.003538,
					0,
					0.9999940000000001
				},
				{
					0,
					1,
					0
				},
				{
					-0.9999940000000001,
					0,
					0.003538
				}
			}
		},
		userprops={
			category="Equipment",
			Priority="Bin_1"
		}
	},
	{
		entity_name="Bin_machines_1_2",
		type=COMPOUND,
		template_name="StackBlue_manufgoods",
		lt_grp=3,
		srt_grp=0,
		usr_flg=0,
		flags=LIT_DYNAMIC,
		spatialprops={
			pos={
				25.944944,
				0.368221,
				17.428761
			},
			orient={
				{
					0.003538,
					0,
					0.9999940000000001
				},
				{
					0,
					1,
					0
				},
				{
					-0.9999940000000001,
					0,
					0.003538
				}
			}
		},
		userprops={
			category="Equipment",
			Priority="Bin_1"
		}
	},
	{
		entity_name="Equip_b_auto01",
		type=COMPOUND,
		template_name="rtcprop_weapons_br_auto_shotgun",
		lt_grp=3,
		srt_grp=0,
		usr_flg=0,
		flags=LIT_DYNAMIC,
		spatialprops={
			pos={
				16.978334,
				1.208354,
				2.850351
			},
			orient={
				{
					-0.565864,
					0,
					-0.824499
				},
				{
					0,
					1,
					0
				},
				{
					0.824499,
					0,
					-0.565864
				}
			}
		},
		userprops={
