duration=20

entities={
	
	
	{
		entity_name="Layer_Ku_04_Bar_Hardpoint",
		type=SCENE,
		template_name="",
		lt_grp=0,
		srt_grp=0,
		usr_flg=0,
		spatialprops={
			pos={
				0,
				0,
				0
			},
			orient={
				{
					1,
					0,
					0
				},
				{
					0,
					1,
					0
				},
				{
					0,
					0,
					1
				}
			}
		},
		up=Y_AXIS,
		front=Z_AXIS,
		ambient={
			0,
			0,
			0
		}
	},
	{
		entity_name="Camera_Mission",
		type=CAMERA,
		template_name="",
		lt_grp=0,
		srt_grp=0,
		usr_flg=0,
		flags=HIDDEN,
		spatialprops={
			pos={
				-2.264691,
				3.020553,
				5.123271
			},
			orient={
				{
					0.999628,
					0,
					0.027272
				},
				{
					0.001283,
					0.998892,
					-0.047034
				},
				{
					-0.027242,
					0.047052,
					0.998521
				}
			}
		},
		cameraprops={
			fovh=20,
			hvaspect=1.777777,
			nearplane=0.5,
			farplane=200
		}
	},
	{
		entity_name="Camera_News",
		type=CAMERA,
		template_name="",
		lt_grp=0,
		srt_grp=0,
		usr_flg=0,
		flags=HIDDEN,
		spatialprops={
			pos={
				2.782452,
				2.667601,
				3.961057
			},
			orient={
				{
					0.99462,
					0,
					-0.103587
				},
				{
					-0.005323,
					0.998679,
					-0.05111
				},
				{
					0.10345,
					0.051386,
					0.993306
				}
			}
		},
		cameraprops={
			fovh=20,
			hvaspect=1.777777,
			nearplane=1,
			farplane=200
		}
	},
	{
		entity_name="Zg/PC/Player/01/A/Stand",
		type=MARKER,
		template_name="",
		lt_grp=0,
		srt_grp=0,
		usr_flg=0,
		spatialprops={
			pos={
				-4.604789,
				0,
				-0.090838
			},
			orient={
				{
					-0.001698,
					0,
					0.999999
				},
				{
					0,
					1,
					0
				},
				{
					-0.999999,
					0,
					-0.001698
				}
			}
		}
	},
	{
		entity_name="Zs/NPC/Bartender/01/A/Stand",
		type=MARKER,
		template_name="",
		lt_grp=0,
		srt_grp=0,
		usr_flg=0,
		spatialprops={
			pos={
				-0.123001,
				0,
				-3.654529
			},
			orient={
				{
					-0.999897,
					0,
					-0.014321
				},
				{
					0,
					1,
					0
				},
				{
					0.014321,
					0,
					-0.999897
				}
			}
		}
	},
	{
		entity_name="Zs/NPC/mTable4/01/P2/Stand",
		type=MARKER,
		template_name="",
		lt_grp=0,
		srt_grp=0,
		usr_flg=0,
		spatialprops={
			pos={
				-2.842522,
				0,
				0.341918
			},
			orient={
				{
					0.09793200000000001,
					0,
					0.995193
				},
				{
					0,
					1,
					0
				},
				{
					-0.995193,
					0,
					0.09793200000000001
				}
			}
		}
	},
	{
		entity_name="Zs/NPC/mTable4/01/P/Stand",
		type=MARKER,
		template_name="",
		lt_grp=0,
		srt_grp=0,
		usr_flg=0,
		spatialprops={
			pos={
				-3.348403,
				-0.0054,
				0.432294
			},
			orient={
				{
					0.09793200000000001,
					0,
					0.995193
				},
				{
					0,
					1,
					0
				},
				{
					-0.995193,
					0,
					0.09793200000000001
				}
			}
		}
	},
	{
		entity_name="Zs/NPC/mTable4/01/Prop",
		type=MARKER,
		template_name="",
		lt_grp=0,
		srt_grp=0,
		usr_flg=0,
		spatialprops={
			pos={
				-1.335931,
				0.8,
				0.506306
			},
			orient={
				{
					0.753015,
					0,
					-0.658003
				},
				{
					0,
					1,
					0
				},
				{
					0.658003,
					0,
					0.753015
				}
			}
		}
	},
	{
		entity_name="Zs/NPC/mTable4/01/AC2/Camera",
		type=CAMERA,
		template_name="",
		lt_grp=0,
		srt_grp=0,
		usr_flg=0,
		flags=HIDDEN,
		spatialprops={
			pos={
				-2.723848,
				1.702196,
				1.974496
			},
			orient={
				{
					0.953876,
					0,
					0.300201
				},
				{
					0.063877,
					0.9771,
					-0.202966
				},
				{
					-0.293327,
					0.212781,
					0.932032
				}
			}
		},
		cameraprops={
			fovh=29.999998,
			hvaspect=1.85,
			nearplane=0.3,
			farplane=4000
		}
	},
	{
		entity_name="Zs/NPC/mTable4/01/WFC/Camera",
		type=CAMERA,
		template_name="",
		lt_grp=0,
		srt_grp=0,
		usr_flg=0,
		flags=HIDDEN,
		spatialprops={
			pos={
				-3.496485,
				6.286547,
				5.062198
			},
			orient={
				{
					0.999746,
					0,
					-0.02254
				},
				{
					-0.016211,
					0.694792,
					-0.719028
				},
				{
					0.015661,
					0.719211,
					0.694615
				}
			}
		},
		cameraprops={
			fovh=30,
			hvaspect=1.85,
			nearplane=0.3,
			farplane=4000
		}
	},
	{
		entity_name="Zs/NPC/mFloor2/01/AC2/Camera",
		type=CAMERA,
		template_name="",
		lt_grp=0,
		srt_grp=0,
		usr_flg=0,
		flags=HIDDEN,
		spatialprops={
			pos={
				2.288586,
				1.677214,
				0.023486
			},
			orient={
				{
					0.903623,
					0,
					0.428329
				},
				{
					0.072392,
					0.985614,
					-0.152721
				},
				{
					-0.422167,
					0.169009,
					0.890624
				}
			}
		},
		cameraprops={
			fovh=30,
			hvaspect=1.85,
			nearplane=0.3,
			farplane=4000
		}
	},
	{
		entity_name="Zs/NPC/mFloor2/01/WFC/Camera",
		type=CAMERA,
		template_name="",
		lt_grp=0,
		srt_grp=0,
		usr_flg=0,
		flags=HIDDEN,
		spatialprops={
			pos={
				3.57074,
				0.93393,
				3.848667
			},
			orient={
				{
					0.951882,
					0,
					-0.306466
				},
				{
					0.031598,
					0.994671,
					0.098144
				},
				{
					0.304833,
					-0.103105,
					0.946808
				}
			}
		},
		cameraprops={
			fovh=30,
			hvaspect=1.85,
			nearplane=0.3,
			farplane=4000
		}
	},
	{
		entity_name="Zs/NPC/mTable4/01/PC2/Camera",
		type=CAMERA,
		template_name="",
		lt_grp=0,
		srt_grp=0,
		usr_flg=0,
		flags=HIDDEN,
		spatialprops={
			pos={
				-0.715645,
				1.68243,
				1.870781
			},
			orient={
				{
					0.83008,
					0,
					-0.557644
				},
				{
					-0.126607,
					0.973886,
					-0.188461
				},
				{
					0.543082,
					0.227039,
					0.808403
				}
			}
		},
		cameraprops={
			fovh=30,
			hvaspect=1.85,
			nearplane=0.3,
			farplane=4000
		}
	},
	{
		entity_name="Zs/NPC/mFloor2/01/PC2/Camera",
		type=CAMERA,
		template_name="",
		lt_grp=0,
		srt_grp=0,
		usr_flg=0,
		flags=HIDDEN,
		spatialprops={
			pos={
				3.660996,
				1.731246,
				-0.002454
			},
			orient={
				{
					0.926559,
					0,
					-0.37615
				},
				{
					-0.07851900000000001,
					0.97797,
					-0.193413
				},
				{
					0.367864,
					0.208743,
					0.906147
				}
			}
		},
		cameraprops={
			fovh=30,
			hvaspect=1.85,
			nearplane=0.3,
			farplane=4000
		}
	},
	{
		entity_name="Zs/NPC/mFloor2/01/P/Stand",
		type=MARKER,
		template_name="",
		lt_grp=0,
		srt_grp=0,
		usr_flg=0,
		spatialprops={
			pos={
				1.871586,
				-0.0054,
				-1.600619
			},
			orient={
				{
					-0.348437,
					0,
					0.9373320000000001
				},
				{
					0,
					1,
					0
				},
				{
					-0.9373320000000001,
					0,
					-0.348437
				}
			}
		}
	},
	{
		entity_name="Zs/NPC/mFloor2/01/P2/Stand",
		type=MARKER,
		template_name="",
		lt_grp=0,
		srt_grp=0,
		usr_flg=0,
		spatialprops={
			pos={
				2.365858,
				0,
				-1.459983
			},
			orient={
				{
					-0.348437,
					0,
					0.9373320000000001
				},
				{
					0,
					1,
					0
				},
				{
					-0.9373320000000001,
					0,
					-0.348437
				}
			}
		}
	},
	{
		entity_name="Zs/NPC/mTable4/01/ACOH/Camera",
		type=CAMERA,
		template_name="",
		lt_grp=0,
		srt_grp=0,
		usr_flg=0,
		flags=HIDDEN,
		spatialprops={
			pos={
				-3.244816,
				1.924073,
				0.847054
			},
			orient={
				{
					0.582704,
					0,
					0.812684
				},
				{
					0.325429,
					0.916324,
					-0.233336
				},
				{
					-0.744682,
					0.400437,
					0.533946
				}
			}
		},
		cameraprops={
			fovh=20,
			hvaspect=1.85,
			nearplane=0.3,
			farplane=4000
		}
	},
	{
		entity_name="Zs/NPC/mFloor2/01/ACOH/Camera",
		type=CAMERA,
		template_name="",
		lt_grp=0,
		srt_grp=0,
		usr_flg=0,
		flags=HIDDEN,
		spatialprops={
			pos={
				1.96512,
				1.746935,
				-1.106566
			},
			orient={
				{
					0.366451,
					0,
					0.930437
				},
				{
					0.166453,
					0.983868,
					-0.065557
				},
				{
					-0.915427,
					0.178898,
					0.360539
				}
			}
		},
		cameraprops={
			fovh=25,
			hvaspect=1.85,
			nearplane=0.3,
			farplane=4000
		}
	},
	{
		entity_name="Zs/NPC/mTable4/01/TCI/Camera",
		type=CAMERA,
		template_name="",
		lt_grp=0,
		srt_grp=0,
		usr_flg=0,
		flags=HIDDEN,
		spatialprops={
			pos={
				-2.048054,
				2.043363,
				2.087901
			},
			orient={
				{
					0.942854,
					0,
					0.333206
				},
				{
					0.184156,
					0.8333930000000001,
					-0.521097
				},
				{
					-0.277692,
					0.55268,
					0.785768
				}
			}
		},
		cameraprops={
			fovh=15,
			hvaspect=1.85,
			nearplane=0.3,
			farplane=4000
		}
	},
	{
		entity_name="Zs/NPC/mFloor2/01/TCI/Camera",
		type=CAMERA,
		template_name="",
		lt_grp=0,
		srt_grp=0,
		usr_flg=0,
		flags=HIDDEN,
		spatialprops={
			pos={
				2.410491,
				1.903228,
				-0.947889
			},
			orient={
				{
					0.440465,
					0,
					0.89777
				},
				{
					0.55208,
					0.788569,
					-0.270862
				},
				{
					-0.707954,
					0.614946,
					0.347337
				}
			}
		},
		cameraprops={
			fovh=15,
			hvaspect=1.85,
			nearplane=0.3,
			farplane=4000
		}
	},
	{
		entity_name="Zs/NPC/mTable4/01/ACS/Camera",
		type=CAMERA,
		template_name="",
		lt_grp=0,
		srt_grp=0,
		usr_flg=0,
		flags=HIDDEN,
		spatialprops={
			pos={
				-2.544933,
				1.342437,
				0.595276
			},
			orient={
				{
					0.550432,
					0,
					0.83488
				},
				{
					0.122139,
					0.989241,
					-0.080526
				},
				{
					-0.825898,
					0.146295,
					0.5445100000000001
				}
			}
		},
		cameraprops={
			fovh=20,
			hvaspect=1.85,
			nearplane=0.3,
			farplane=4000
		}
	},
	{
		entity_name="Zs/NPC/mFloor2/01/ACS/Camera",
		type=CAMERA,
		template_name="",
		lt_grp=0,
		srt_grp=0,
		usr_flg=0,
		flags=HIDDEN,
		spatialprops={
			pos={
				2.45884,
				1.594347,
				-1.085186
			},
			orient={
				{
					0.379663,
					0,
					0.925125
				},
				{
					0.030763,
					0.999447,
					-0.012625
				},
				{
					-0.924613,
					0.033253,
					0.379453
				}
			}
		},
		cameraprops={
			fovh=25,
			hvaspect=1.85,
			nearplane=0.3,
			farplane=4000
		}
	},
	{
		entity_name="Zs/NPC/mFloor2/01/PCS/Camera",
		type=CAMERA,
		template_name="",
		lt_grp=0,
		srt_grp=0,
		usr_flg=0,
		flags=HIDDEN,
		spatialprops={
			pos={
				3.51433,
				1.614689,
				-1.038563
			},
			orient={
				{
					0.505702,
					0,
					-0.862708
				},
				{
					-0.048226,
					0.998436,
					-0.028269
				},
				{
					0.861359,
					0.055901,
					0.504911
				}
			}
		},
		cameraprops={
			fovh=25,
			hvaspect=1.85,
			nearplane=0.3,
			farplane=4000
		}
	},
	{
		entity_name="Zs/NPC/mTable4/01/PCS/Camera",
		type=CAMERA,
		template_name="",
		lt_grp=0,
		srt_grp=0,
		usr_flg=0,
		flags=HIDDEN,
		spatialprops={
			pos={
				-1.249517,
				1.396025,
				0.280615
			},
			orient={
				{
					0.102683,
					0,
					-0.994714
				},
				{
					0.09120200000000001,
					0.995788,
					0.009415
				},
				{
					0.990524,
					-0.091686,
					0.10225
				}
			}
		},
		cameraprops={
			fovh=20,
			hvaspect=1.85,
			nearplane=0.3,
			farplane=4000
		}
	},
	{
		entity_name="Zs/NPC/mTable4/01/ACU/Camera",
		type=CAMERA,
		template_name="",
		lt_grp=0,
		srt_grp=0,
		usr_flg=0,
		flags=HIDDEN,
		spatialprops={
			pos={
				-1.990006,
				1.361032,
				0.369227
			},
			orient={
				{
					0.558855,
					0,
					0.829265
				},
				{
					0.135515,
					0.986557,
					-0.091326
				},
				{
					-0.818118,
					0.163415,
					0.551343
				}
			}
		},
		cameraprops={
			fovh=20,
			hvaspect=1.85,
			nearplane=0.3,
			farplane=4000
		}
	},
	{
		entity_name="Zs/NPC/mFloor2/01/ACU/Camera",
		type=CAMERA,
		template_name="",
		lt_grp=0,
		srt_grp=0,
		usr_flg=0,
		flags=HIDDEN,
		spatialprops={
			pos={
				2.867059,
				1.668712,
				-1.184887
			},
			orient={
				{
					0.299281,
					0,
					0.954165
				},
				{
					0.031629,
					0.99945,
					-0.009920999999999999
				},
				{
					-0.953641,
					0.033148,
					0.299117
				}
			}
		},
		cameraprops={
			fovh=25,
			hvaspect=1.85,
			nearplane=0.3,
			farplane=4000
		}
	},
	{
		entity_name="Zs/NPC/mFloor2/01/PCO/Camera",
		type=CAMERA,
		template_name="",
		lt_grp=0,
		srt_grp=0,
		usr_flg=0,
		flags=HIDDEN,
		spatialprops={
			pos={
				4.025597,
				1.776642,
				-0.896123
			},
			orient={
				{
					0.531578,
					0,
					-0.847009
				},
				{
					-0.173449,
					0.978808,
					-0.108856
				},
				{
					0.82906,
					0.204778,
					0.520313
				}
			}
		},
		cameraprops={
			fovh=25,
			hvaspect=1.85,
			nearplane=0.3,
			farplane=4000
		}
	},
	{
		entity_name="Zs/NPC/mTable4/01/PCO/Camera",
		type=CAMERA,
		template_name="",
		lt_grp=0,
		srt_grp=0,
		usr_flg=0,
		flags=HIDDEN,
		spatialprops={
			pos={
				-0.580587,
				1.185601,
				0.09347900000000001
			},
			orient={
				{
					0.08257000000000001,
					0,
					-0.9965850000000001
				},
				{
					0.09339500000000001,
					0.995599,
					0.007738
				},
				{
					0.9921990000000001,
					-0.09371500000000001,
					0.082206
				}
			}
		},
		cameraprops={
			fovh=20,
			hvaspect=1.85,
			nearplane=0.3,
			farplane=4000
		}
	},
	{
		entity_name="Zs/NPC/mTable4/01/PCU/Camera",
		type=CAMERA,
		template_name="",
		lt_grp=0,
		srt_grp=0,
		usr_flg=0,
		flags=HIDDEN,
		spatialprops={
			pos={
				-1.842785,
				1.549382,
				0.281392
			},
			orient={
				{
					0.036217,
					0,
					-0.999344
				},
				{
					0.090515,
					0.9958900000000001,
					0.00328
				},
				{
					0.995236,
					-0.090575,
					0.036068
				}
			}
		},
		cameraprops={
			fovh=20,
			hvaspect=1.85,
			nearplane=0.3,
			farplane=4000
		}
	},
	{
		entity_name="Zs/NPC/mFloor2/01/PCU/Camera",
		type=CAMERA,
		template_name="",
		lt_grp=0,
		srt_grp=0,
		usr_flg=0,
		flags=HIDDEN,
		spatialprops={
			pos={
				3.071938,
				1.69836,
				-1.218286
			},
			orient={
				{
					0.440837,
					0,
					-0.897587
				},
				{
					-0.058024,
					0.997908,
					-0.028497
				},
				{
					0.89571,
					0.06464399999999999,
					0.439914
				}
			}
		},
		cameraprops={
			fovh=25,
			hvaspect=1.85,
			nearplane=0.3,
			farplane=4000
		}
	},
	{
		entity_name="Zs/NPC/mTable4/01/ACOL/Camera",
		type=CAMERA,
		template_name="",
		lt_grp=0,
		srt_grp=0,
		usr_flg=0,
		flags=HIDDEN,
		spatialprops={
			pos={
				-3.236011,
				1.437147,
				1.07098
			},
			orient={
				{
					0.641083,
					0,
					0.767472
				},
				{
					0.134502,
					0.984523,
					-0.112352
				},
				{
					-0.755594,
					0.175253,
					0.631161
				}
			}
		},
		cameraprops={
			fovh=20,
			hvaspect=1.85,
			nearplane=0.3,
			farplane=4000
		}
	},
	{
		entity_name="Camera_0",
		type=CAMERA,
		template_name="",
		lt_grp=0,
		srt_grp=0,
		usr_flg=0,
		spatialprops={
			pos={
				0.679074,
				3.544517,
				13.270383
			},
			orient={
				{
					0.992011,
					0,
					-0.126155
				},
				{
					-0.043047,
					0.939982,
					-0.338497
				},
				{
					0.118584,
					0.341224,
					0.932472
				}
			}
		},
		cameraprops={
			fovh=30,
			hvaspect=1.777777,
			nearplane=1,
			farplane=200
		}
	},
	{
		entity_name="Zg/NPC/mTable4/01/A/SitLow",
		type=MARKER,
		template_name="",
		lt_grp=0,
		srt_grp=0,
		usr_flg=0,
		spatialprops={
			pos={
				-1.100878,
				0,
				-0.122238
			},
			orient={
				{
					-0.710653,
					0,
					-0.703543
				},
				{
					0,
					1,
					0
				},
				{
					0.703543,
					0,
					-0.710653
				}
			}
		}
	},
	{
		entity_name="Zg/NPC/mFloor2/01/A/Stand",
		type=MARKER,
		template_name="",
		lt_grp=0,
		srt_grp=0,
		usr_flg=0,
		spatialprops={
			pos={
				3.680952,
				0,
				-1.351944
			},
			orient={
				{
					-0.029782,
					0,
					-0.999556
				},
				{
					0,
					1,
					0
				},
				{
					0.999556,
					0,
					-0.029782
				}
			}
		}
	},
	{
		entity_name="Zg/NPC/mTable4/01/B/SitLow",
		type=MARKER,
		template_name="",
		lt_grp=0,
		srt_grp=0,
		usr_flg=0,
		spatialprops={
			pos={
				-2.406774,
				0,
				1.222013
			},
			orient={
				{
					0.697143,
					0,
					0.716933
				},
				{
					0,
					1,
					0
				},
				{
					-0.716933,
					0,
					0.697143
				}
			}
		}
	},
	{
		entity_name="Zg/NPC/mTable4/01/C/SitLow",
		type=MARKER,
		template_name="",
		lt_grp=0,
		srt_grp=0,
		usr_flg=0,
		spatialprops={
			pos={
				-2.415844,
				0,
				-0.1341
			},
			orient={
				{
					-0.713293,
					0,
					0.700866
				},
				{
					0,
					1,
					0
				},
				{
					-0.700866,
					0,
					-0.713293
				}
			}
		}
	},
	{
		entity_name="Zg/NPC/mTable4/01/D/SitLow",
		type=MARKER,
		template_name="",
		lt_grp=0,
		srt_grp=0,
		usr_flg=0,
		spatialprops={
			pos={
				-1.087387,
				0,
				1.220797
			},
			orient={
				{
					0.702255,
					0,
					-0.711926
				},
				{
					0,
					1,
					0
				},
				{
					0.711926,
					0,
					0.702255
				}
			}
		}
	},
	{
		entity_name="Zg/NPC/mTable4/03/B/SitLow",
		type=MARKER,
		template_name="",
		lt_grp=0,
		srt_grp=0,
		usr_flg=0,
		spatialprops={
			pos={
				-1.084446,
				0,
				6.66066
			},
			orient={
				{
					0.770108,
					0,
					-0.637913
				},
				{
					0,
					1,
					0
				},
				{
					0.637913,
					0,
					0.770108
				}
			}
		}
	},
	{
		entity_name="Zg/NPC/mTable4/03/A/SitLow",
		type=MARKER,
		template_name="",
		lt_grp=0,
		srt_grp=0,
		usr_flg=0,
		spatialprops={
			pos={
				-2.417947,
				0,
				6.689474
			},
			orient={
				{
					0.704811,
					0,
					0.709395
				},
				{
					0,
					1,
					0
				},
				{
					-0.709395,
					0,
					0.704811
				}
			}
		}
	},
	{
		entity_name="Zg/NPC/mTable4/04/B/SitLow",
		type=MARKER,
		template_name="",
		lt_grp=0,
		srt_grp=0,
		usr_flg=0,
		spatialprops={
			pos={
				-1.096205,
				0,
				8.057729
			},
			orient={
				{
					-0.714225,
					0,
					-0.699916
				},
				{
					0,
					1,
					0
				},
				{
					0.699916,
					0,
					-0.714225
				}
			}
		}
	},
	{
		entity_name="Zg/NPC/mTable4/07/C/SitLow",
		type=MARKER,
		template_name="",
		lt_grp=0,
		srt_grp=0,
		usr_flg=0,
		spatialprops={
			pos={
				2.310454,
				0,
				7.990107
			},
			orient={
				{
					-0.700439,
					0,
					-0.713712
				},
				{
					0,
					1,
					0
				},
				{
					0.713712,
					0,
					-0.700439
				}
			}
		}
	},
	{
		entity_name="Zg/NPC/mTable4/09/C/SitLow",
		type=MARKER,
		template_name="",
		lt_grp=0,
		srt_grp=0,
		usr_flg=0,
		spatialprops={
			pos={
				2.313164,
				0,
				2.476789
			},
			orient={
				{
					-0.698952,
					0,
					-0.715168
				},
				{
					0,
					1,
					0
				},
				{
					0.715168,
					0,
					-0.698952
				}
			}
		}
	},
	{
		entity_name="Zg/NPC/mTable4/10/B/SitLow",
		type=MARKER,
		template_name="",
		lt_grp=0,
		srt_grp=0,
		usr_flg=0,
		spatialprops={
			pos={
				3.967546,
				2.632703,
				-0.974625
			},
			orient={
				{
					-0.786861,
					0,
					-0.61713
				},
				{
					-0.088709,
					0.989615,
					0.113108
				},
				{
					0.610721,
					0.143745,
					-0.77869
				}
			}
		}
	},
	{
		entity_name="Zg/NPC/mTable4/04/A/SitLow",
		type=MARKER,
		template_name="",
		lt_grp=0,
		srt_grp=0,
		usr_flg=0,
		spatialprops={
			pos={
				-1.084347,
				0,
				9.390428999999999
			},
			orient={
				{
					0.706298,
					0,
					-0.707914
				},
				{
					0,
					1,
					0
				},
				{
					0.707914,
					0,
					0.706298
				}
			}
		}
	},
	{
		entity_name="Zg/NPC/mTable4/07/D/SitLow",
		type=MARKER,
		template_name="",
		lt_grp=0,
		srt_grp=0,
		usr_flg=0,
		spatialprops={
			pos={
				2.320513,
				0,
				9.34324
			},
			orient={
				{
					0.712692,
					0,
					-0.701477
				},
				{
					0,
					1,
					0
				},
				{
					0.701477,
					0,
					0.712692
				}
			}
		}
	},
	{
		entity_name="Zg/NPC/mTable4/09/A/SitLow",
		type=MARKER,
		template_name="",
		lt_grp=0,
		srt_grp=0,
		usr_flg=0,
		spatialprops={
			pos={
				2.305848,
				0,
				3.805341
			},
			orient={
				{
					0.698802,
					0,
					-0.715315
				},
				{
					0,
					1,
					0
				},
				{
					0.715315,
					0,
					0.698802
				}
			}
		}
	},
	{
		entity_name="Zg/NPC/mTable4/10/A/SitLow",
		type=MARKER,
		template_name="",
		lt_grp=0,
		srt_grp=0,
		usr_flg=0,
		spatialprops={
			pos={
				2.304105,
				0,
				1.154628
			},
			orient={
				{
					0.711015,
					0,
					-0.703176
				},
				{
					0,
					1,
					0
				},
				{
					0.703176,
					0,
					0.711015
				}
			}
		}
	},
	{
		entity_name="Zg/NPC/mTable4/03/C/SitLow",
		type=MARKER,
		template_name="",
		lt_grp=0,
		srt_grp=0,
		usr_flg=0,
		spatialprops={
			pos={
				-1.081756,
				0,
				5.339545
			},
			orient={
				{
					-0.706593,
					0,
					-0.70762
				},
				{
					0,
					1,
					0
				},
				{
					0.70762,
					0,
					-0.706593
				}
			}
		}
	},
	{
		entity_name="Zg/NPC/mTable4/04/C/SitLow",
		type=MARKER,
		template_name="",
		lt_grp=0,
		srt_grp=0,
		usr_flg=0,
		spatialprops={
			pos={
				-2.435055,
				0,
				8.071099
			},
			orient={
				{
					-0.710188,
					0,
					0.704012
				},
				{
					0,
					1,
					0
				},
				{
					-0.704012,
					0,
					-0.710188
				}
			}
		}
	},
	{
		entity_name="Zg/NPC/mTable4/07/B/SitLow",
		type=MARKER,
		template_name="",
		lt_grp=0,
		srt_grp=0,
		usr_flg=0,
		spatialprops={
			pos={
				0.972492,
				0,
				7.997643
			},
			orient={
				{
					-0.706876,
					0,
					0.707337
				},
				{
					0,
					1,
					0
				},
				{
					-0.707337,
					0,
					-0.706876
				}
			}
		}
	},
	{
		entity_name="Zg/NPC/mTable4/09/B/SitLow",
		type=MARKER,
		template_name="",
		lt_grp=0,
		srt_grp=0,
		usr_flg=0,
		spatialprops={
			pos={
				1.002411,
				0,
				2.43886
			},
			orient={
				{
					-0.720445,
					0,
					0.693512
				},
				{
					0,
					1,
					0
				},
				{
					-0.693512,
					0,
					-0.720445
				}
			}
		}
	},
	{
		entity_name="Zg/NPC/mTable4/10/C/SitLow",
		type=MARKER,
		template_name="",
		lt_grp=0,
		srt_grp=0,
		usr_flg=0,
		spatialprops={
			pos={
				0.9842610000000001,
				0,
				-0.188352
			},
			orient={
				{
					-0.708958,
					0,
					0.705251
				},
				{
					0,
					1,
					0
				},
				{
					-0.705251,
					0,
					-0.708958
				}
			}
		}
	},
	{
		entity_name="Zg/NPC/mTable4/03/D/SitLow",
		type=MARKER,
		template_name="",
		lt_grp=0,
		srt_grp=0,
		usr_flg=0,
		spatialprops={
			pos={
				-2.436304,
				0,
				5.338362
			},
			orient={
				{
					-0.712276,
					0,
					0.7019
				},
				{
					0,
					1,
					0
				},
				{
					-0.7019,
					0,
					-0.712276
				}
			}
		}
	},
	{
		entity_name="Zg/NPC/mTable4/04/D/SitLow",
		type=MARKER,
		template_name="",
		lt_grp=0,
		srt_grp=0,
		usr_flg=0,
		spatialprops={
			pos={
				-2.422474,
				0,
				9.374736
			},
			orient={
				{
					0.704377,
					0,
					0.709826
				},
				{
					0,
					1,
					0
				},
				{
					-0.709826,
					0,
					0.704377
				}
			}
		}
	},
	{
		entity_name="Zg/NPC/mTable4/07/A/SitLow",
		type=MARKER,
		template_name="",
		lt_grp=0,
		srt_grp=0,
		usr_flg=0,
		spatialprops={
			pos={
				2.310454,
				0,
				7.990107
			},
			orient={
				{
					-0.700439,
					0,
					-0.713712
				},
				{
					0,
					1,
					0
				},
				{
					0.713712,
					0,
					-0.700439
				}
			}
		}
	},
	{
		entity_name="Zg/NPC/mTable4/09/D/SitLow",
		type=MARKER,
		template_name="",
		lt_grp=0,
		srt_grp=0,
		usr_flg=0,
		spatialprops={
			pos={
				0.999659,
				0,
				3.792578
			},
			orient={
				{
					0.703558,
					0,
					0.710638
				},
				{
					0,
					1,
					0
				},
				{
					-0.710638,
					0,
					0.703558
				}
			}
		}
	},
	{
		entity_name="Zg/NPC/mTable4/10/D/SitLow",
		type=MARKER,
		template_name="",
		lt_grp=0,
		srt_grp=0,
		usr_flg=0,
		spatialprops={
			pos={
				0.993813,
				0,
				1.144049
			},
			orient={
				{
					0.700907,
					0,
					0.713253
				},
				{
					0,
					1,
					0
				},
				{
					-0.713253,
					0,
					0.700907
				}
			}
		}
	},
	{
		entity_name="Zg/NPC/mFloor2/01/B/Stand",
		type=MARKER,
		template_name="",
		lt_grp=0,
		srt_grp=0,
		usr_flg=0,
		spatialprops={
			pos={
				2.383727,
				0,
				-1.674486
			},
			orient={
				{
					-0.5103490000000001,
					0,
					0.859968
				},
				{
					0,
					1,
					0
				},
				{
					-0.859968,
					0,
					-0.5103490000000001
				}
			}
		}
	},
	{
		entity_name="Zs/NPC/mTable4/03/Prop",
		type=MARKER,
		template_name="",
		lt_grp=0,
		srt_grp=0,
		usr_flg=0,
		spatialprops={
			pos={
				-1.511631,
				1.532006,
				5.517005
			},
			orient={
				{
					-0.7809700000000001,
					0,
					-0.624568
				},
				{
					-0.349058,
					0.829249,
					0.436468
				},
				{
					0.517923,
					0.558879,
					-0.6476189999999999
				}
			}
		}
	},
	{
		entity_name="Zs/NPC/mTable4/04/Prop",
		type=MARKER,
		template_name="",
		lt_grp=0,
		srt_grp=0,
		usr_flg=0,
		spatialprops={
			pos={
				-1.376729,
				0.8,
				8.767324
			},
			orient={
				{
					0.757791,
					0,
					-0.652497
				},
				{
					0,
					1,
					0
				},
				{
					0.652497,
					0,
					0.757791
				}
			}
		}
	},
	{
		entity_name="Zs/NPC/mTable4/09/Prop",
		type=MARKER,
		template_name="",
		lt_grp=0,
		srt_grp=0,
		usr_flg=0,
		spatialprops={
			pos={
				1.765869,
				0.81432,
				3.406574
			},
			orient={
				{
					-0.062351,
					0,
					0.998054
				},
				{
					0,
					1,
					0
				},
				{
					-0.998054,
					0,
					-0.062351
				}
			}
		}
	},
	{
		entity_name="Zs/NPC/mTable4/10/Prop",
		type=MARKER,
		template_name="",
		lt_grp=0,
		srt_grp=0,
		usr_flg=0,
		spatialprops={
			pos={
				1.771073,
				0.81432,
				0.746622
			},
			orient={
				{
					-0.079527,
					0,
					0.996833
				},
				{
					0,
					1,
					0
				},
				{
					-0.996833,
					0,
					-0.079527
				}
			}
		}
	},
	{
		entity_name="Zs/NPC/mTable4/03/AC2/Camera",
		type=CAMERA,
		template_name="",
		lt_grp=0,
		srt_grp=0,
		usr_flg=0,
		flags=HIDDEN,
		spatialprops={
			pos={
				-0.294372,
				1.702196,
				5.091236
			},
			orient={
				{
					-0.324308,
					0,
					-0.945952
				},
				{
					-0.211459,
					0.974695,
					0.07249600000000001
				},
				{
					0.922014,
					0.223541,
					-0.316101
				}
			}
		},
		cameraprops={
			fovh=30,
			hvaspect=1.85,
			nearplane=0.3,
			farplane=4000
		}
	},
	{
		entity_name="Zs/NPC/mTable4/04/AC2/Camera",
		type=CAMERA,
		template_name="",
		lt_grp=0,
		srt_grp=0,
		usr_flg=0,
		flags=HIDDEN,
		spatialprops={
			pos={
				-3.174759,
				1.702196,
				7.759325
			},
			orient={
				{
					-0.303905,
					0,
					0.9527020000000001
				},
				{
					0.202717,
					0.9771,
					0.064665
				},
				{
					-0.930885,
					0.21278,
					-0.296946
				}
			}
		},
		cameraprops={
			fovh=30,
			hvaspect=1.85,
			nearplane=0.3,
			farplane=4000
		}
	}
	,
	{
		entity_name="Zs/NPC/mTable4/07/AC2/Camera",
		type=CAMERA,
		template_name="",
		lt_grp=0,
		srt_grp=0,
		usr_flg=0,
		flags=HIDDEN,
		spatialprops={
			pos={
				0.6574330000000001,
				1.702196,
				10.063231
			},
			orient={
				{
					0.94945,
					0,
					0.313918
				},
				{
					0.06679599999999999,
					0.9771,
					-0.202025
				},
				{
					-0.306729,
					0.212781,
					0.927708
				}
			}
		},
		cameraprops={
			fovh=30,
			hvaspect=1.85,
			nearplane=0.3,
			farplane=4000
		}
	},
	{
		entity_name="Zs/NPC/mTable4/09/AC2/Camera",
		type=CAMERA,
		template_name="",
		lt_grp=0,
		srt_grp=0,
		usr_flg=0,
		flags=HIDDEN,
		spatialprops={
			pos={
				0.564841,
				1.703687,
				1.849806
			},
			orient={
				{
					-0.535996,
					0,
					0.84422
				},
				{
					0.175521,
					0.978148,
					0.111438
				},
				{
					-0.825773,
					0.207909,
					-0.524284
				}
			}
		},
		cameraprops={
			fovh=30,
			hvaspect=1.85,
			nearplane=0.3,
			farplane=4000
		}
	},
	{
		entity_name="Zs/NPC/mTable4/10/AC2/Camera",
		type=CAMERA,
		template_name="",
		lt_grp=0,
		srt_grp=0,
		usr_flg=0,
		flags=HIDDEN,
		spatialprops={
			pos={
				0.31207,
				1.704291,
				-0.64469
			},
			orient={
				{
					-0.389425,
					0,
					0.921058
				},
				{
					0.202839,
					0.975449,
					0.085761
				},
				{
					-0.898446,
					0.220223,
					-0.379864
				}
			}
		},
		cameraprops={
			fovh=30,
			hvaspect=1.85,
			nearplane=0.3,
			farplane=4000
		}
	},
	{
		entity_name="Zs/NPC/mTable4/03/ACOH/Camera",
		type=CAMERA,
		template_name="",
		lt_grp=0,
		srt_grp=0,
		usr_flg=0,
		flags=HIDDEN,
		spatialprops={
			pos={
				-1.406272,
				1.888258,
				4.558139
			},
			orient={
				{
					-0.832632,
					0,
					-0.553827
				},
				{
					-0.194621,
					0.936221,
					0.292597
				},
				{
					0.518504,
					0.351412,
					-0.779528
				}
			}
		},
		cameraprops={
			fovh=20,
			hvaspect=1.85,
			nearplane=0.3,
			farplane=4000
		}
	},
	{
		entity_name="Zs/NPC/mTable4/04/ACOH/Camera",
		type=CAMERA,
		template_name="",
		lt_grp=0,
		srt_grp=0,
		usr_flg=0,
		flags=HIDDEN,
		spatialprops={
			pos={
				-1.979063,
				1.922658,
				7.271962
			},
			orient={
				{
					-0.833867,
					0,
					0.551966
				},
				{
					0.227634,
					0.911,
					0.343891
				},
				{
					-0.502841,
					0.412405,
					-0.759653
				}
			}
		},
		cameraprops={
			fovh=20,
			hvaspect=1.85,
			nearplane=0.3,
			farplane=4000
		}
	},
	{
		entity_name="Zs/NPC/mTable4/07/ACOH/Camera",
		type=CAMERA,
		template_name="",
		lt_grp=0,
		srt_grp=0,
		usr_flg=0,
		flags=HIDDEN,
		spatialprops={
			pos={
				0.141575,
				1.970379,
				8.885381000000001
			},
			orient={
				{
					0.514923,
					0,
					0.857236
				},
				{
					0.370461,
					0.901798,
					-0.222527
				},
				{
					-0.7730550000000001,
					0.432157,
					0.464357
				}
			}
		},
		cameraprops={
			fovh=20,
			hvaspect=1.85,
			nearplane=0.3,
			farplane=4000
		}
	},
	{
		entity_name="Zs/NPC/mTable4/09/ACOH/Camera",
		type=CAMERA,
		template_name="",
		lt_grp=0,
		srt_grp=0,
		usr_flg=0,
		flags=HIDDEN,
		spatialprops={
			pos={
				1.081713,
				1.970033,
				1.606493
			},
			orient={
				{
					-0.747316,
					0,
					0.664469
				},
				{
					0.244353,
					0.929928,
					0.274819
				},
				{
					-0.617908,
					0.367741,
					-0.69495
				}
			}
		},
		cameraprops={
			fovh=20,
			hvaspect=1.85,
			nearplane=0.3,
			farplane=4000
		}
	},
	{
		entity_name="Zs/NPC/mTable4/10/ACOH/Camera",
		type=CAMERA,
		template_name="",
		lt_grp=0,
		srt_grp=0,
		usr_flg=0,
		flags=HIDDEN,
		spatialprops={
			pos={
				1.080777,
				2.006558,
				-1.136983
			},
			orient={
				{
					-0.78079,
					0,
					0.624794
				},
				{
					0.237126,
					0.925181,
					0.29633
				},
				{
					-0.578047,
					0.379526,
					-0.722372
				}
			}
		},
		cameraprops={
			fovh=20,
			hvaspect=1.85,
			nearplane=0.3,
			farplane=4000
		}
	},
	{
		entity_name="Zs/NPC/mTable4/03/ACOL/Camera",
		type=CAMERA,
		template_name="",
		lt_grp=0,
		srt_grp=0,
		usr_flg=0,
		flags=HIDDEN,
		spatialprops={
			pos={
				-1.081652,
				1.380889,
				4.554657
			},
			orient={
				{
					-0.748619,
					0,
					-0.663001
				},
				{
					-0.107418,
					0.986788,
					0.121289
				},
				{
					0.654241,
					0.162017,
					-0.7387280000000001
				}
			}
		},
		cameraprops={
			fovh=20,
			hvaspect=1.85,
			nearplane=0.3,
			farplane=4000
		}
	},
	{
		entity_name="Zs/NPC/mTable4/04/ACOL/Camera",
		type=CAMERA,
		template_name="",
		lt_grp=0,
		srt_grp=0,
		usr_flg=0,
		flags=HIDDEN,
		spatialprops={
			pos={
				-2.269261,
				1.437147,
				7.250677
			},
			orient={
				{
					-0.769956,
					0,
					0.638097
				},
				{
					0.117306,
					0.982957,
					0.141547
				},
				{
					-0.627221,
					0.183838,
					-0.756834
				}
			}
		},
		cameraprops={
			fovh=20,
			hvaspect=1.85,
			nearplane=0.3,
			farplane=4000
		}
	},
	{
		entity_name="Zs/NPC/mTable4/07/ACOL/Camera",
		type=CAMERA,
		template_name="",
		lt_grp=0,
		srt_grp=0,
		usr_flg=0,
		flags=HIDDEN,
		spatialprops={
			pos={
				0.152705,
				1.470135,
				9.13372
			},
			orient={
				{
					0.587815,
					0,
					0.808995
				},
				{
					0.166005,
					0.97872,
					-0.120619
				},
				{
					-0.79178,
					0.205199,
					0.575306
				}
			}
		},
		cameraprops={
			fovh=20,
			hvaspect=1.85,
			nearplane=0.3,
			farplane=4000
		}
	},
	{
		entity_name="Zs/NPC/mTable4/09/ACOL/Camera",
		type=CAMERA,
		template_name="",
		lt_grp=0,
		srt_grp=0,
		usr_flg=0,
		flags=HIDDEN,
		spatialprops={
			pos={
				0.187978,
				1.437147,
				2.611004
			},
			orient={
				{
					-0.63353,
					0,
					0.773718
				},
				{
					0.152123,
					0.9804810000000001,
					0.124561
				},
				{
					-0.758616,
					0.196613,
					-0.621165
				}
			}
		},
		cameraprops={
			fovh=20,
			hvaspect=1.85,
			nearplane=0.3,
			farplane=4000
		}
	},
	{
		entity_name="Zs/NPC/mTable4/10/ACOL/Camera",
		type=CAMERA,
		template_name="",
		lt_grp=0,
		srt_grp=0,
		usr_flg=0,
		flags=HIDDEN,
		spatialprops={
			pos={
				1.055426,
				1.417015,
				-1.070229
			},
			orient={
				{
					-0.789758,
					0,
					0.613418
				},
				{
					0.102073,
					0.986058,
					0.131416
				},
				{
					-0.604866,
					0.166401,
					-0.778748
				}
			}
		},
		cameraprops={
			fovh=20,
			hvaspect=1.85,
			nearplane=0.3,
			farplane=4000
		}
	},
	{
		entity_name="Zs/NPC/mTable4/03/ACS/Camera",
		type=CAMERA,
		template_name="",
		lt_grp=0,
		srt_grp=0,
		usr_flg=0,
		flags=HIDDEN,
		spatialprops={
			pos={
				-1.525194,
				1.359833,
				5.266177
			},
			orient={
				{
					-0.79916,
					0,
					-0.601119
				},
				{
					-0.09550400000000001,
					0.987298,
					0.126968
				},
				{
					0.593483,
					0.158877,
					-0.789009
				}
			}
		},
		cameraprops={
			fovh=20,
			hvaspect=1.85,
			nearplane=0.3,
			farplane=4000
		}
	},
	{
		entity_name="Zs/NPC/mTable4/04/ACS/Camera",
		type=CAMERA,
		template_name="",
		lt_grp=0,
		srt_grp=0,
		usr_flg=0,
		flags=HIDDEN,
		spatialprops={
			pos={
				-1.823124,
				1.349603,
				7.903258
			},
			orient={
				{
					-0.829699,
					0,
					0.558212
				},
				{
					0.086482,
					0.987926,
					0.128543
				},
				{
					-0.551472,
					0.154927,
					-0.819681
				}
			}
		},
		cameraprops={
			fovh=20,
			hvaspect=1.85,
			nearplane=0.3,
			farplane=4000
		}
	},
	{
		entity_name="Zs/NPC/mTable4/07/ACS/Camera",
		type=CAMERA,
		template_name="",
		lt_grp=0,
		srt_grp=0,
		usr_flg=0,
		flags=HIDDEN,
		spatialprops={
			pos={
				0.695776,
				1.408449,
				8.788819999999999
			},
			orient={
				{
					0.534567,
					0,
					0.845126
				},
				{
					0.163578,
					0.98109,
					-0.103468
				},
				{
					-0.829145,
					0.193554,
					0.524458
				}
			}
		},
		cameraprops={
			fovh=20,
			hvaspect=1.85,
			nearplane=0.3,
			farplane=4000
		}
	},
	{
		entity_name="Zs/NPC/mTable4/09/ACS/Camera",
		type=CAMERA,
		template_name="",
		lt_grp=0,
		srt_grp=0,
		usr_flg=0,
		flags=HIDDEN,
		spatialprops={
			pos={
				1.536018,
				1.377362,
				2.375033
			},
			orient={
				{
					-0.849162,
					0,
					0.528133
				},
				{
					0.083967,
					0.9872800000000001,
					0.135007
				},
				{
					-0.521415,
					0.158988,
					-0.838361
				}
			}
		},
		cameraprops={
			fovh=20,
			hvaspect=1.85,
			nearplane=0.3,
			farplane=4000
		}
	},
	{
		entity_name="Zs/NPC/mTable4/10/ACS/Camera",
		type=CAMERA,
		template_name="",
		lt_grp=0,
		srt_grp=0,
		usr_flg=0,
		flags=HIDDEN,
		spatialprops={
			pos={
				1.517163,
				1.353652,
				-0.337223
			},
			orient={
				{
					-0.826224,
					0,
					0.563341
				},
				{
					0.091793,
					0.986635,
					0.134628
				},
				{
					-0.555812,
					0.162943,
					-0.815182
				}
			}
		},
		cameraprops={
			fovh=20,
			hvaspect=1.85,
			nearplane=0.3,
			farplane=4000
		}
	},
	{
		entity_name="Zs/NPC/mTable4/03/ACU/Camera",
		type=CAMERA,
		template_name="",
		lt_grp=0,
		srt_grp=0,
		usr_flg=0,
		flags=HIDDEN,
		spatialprops={
			pos={
				-1.874481,
				1.365629,
				5.784709
			},
			orient={
				{
					-0.82291,
					0,
					-0.568172
				},
				{
					-0.097589,
					0.985139,
					0.141342
				},
				{
					0.559728,
					0.171759,
					-0.810681
				}
			}
		},
		cameraprops={
			fovh=20,
			hvaspect=1.85,
			nearplane=0.3,
			farplane=4000
		}
	},
	{
		entity_name="Zs/NPC/mTable4/04/ACU/Camera",
		type=CAMERA,
		template_name="",
		lt_grp=0,
		srt_grp=0,
		usr_flg=0,
		flags=HIDDEN,
		spatialprops={
			pos={
				-1.561859,
				1.358265,
				8.515969
			},
			orient={
				{
					-0.833924,
					0,
					0.551879
				},
				{
					0.08780200000000001,
					0.987263,
					0.132675
				},
				{
					-0.54485,
					0.159097,
					-0.823302
				}
			}
		},
		cameraprops={
			fovh=20,
			hvaspect=1.85,
			nearplane=0.3,
			farplane=4000
		}
	},
	{
		entity_name="Zs/NPC/mTable4/07/ACU/Camera",
		type=CAMERA,
		template_name="",
		lt_grp=0,
		srt_grp=0,
		usr_flg=0,
		flags=HIDDEN,
		spatialprops={
			pos={
				1.336928,
				1.393375,
				8.450263
			},
			orient={
				{
					0.451066,
					0,
					0.892491
				},
				{
					0.17646,
					0.980259,
					-0.089183
				},
				{
					-0.874872,
					0.197716,
					0.442162
				}
			}
		},
		cameraprops={
			fovh=20,
			hvaspect=1.85,
			nearplane=0.3,
			farplane=4000
		}
	},
	{
		entity_name="Zs/NPC/mTable4/10/ACU/Camera",
		type=CAMERA,
		template_name="",
		lt_grp=0,
		srt_grp=0,
		usr_flg=0,
		flags=HIDDEN,
		spatialprops={
			pos={
				1.797628,
				1.328665,
				0.156464
			},
			orient={
				{
					-0.861665,
					0,
					0.507477
				},
				{
					0.07173,
					0.98996,
					0.121793
				},
				{
					-0.502382,
					0.141346,
					-0.8530140000000001
				}
			}
		},
		cameraprops={
			fovh=20,
			hvaspect=1.85,
			nearplane=0.3,
			farplane=4000
		}
	},
	{
		entity_name="Zs/NPC/mTable4/03/P/Stand",
		type=MARKER,
		template_name="",
		lt_grp=0,
		srt_grp=0,
		usr_flg=0,
		spatialprops={
			pos={
				-1.905907,
				0,
				4.457893
			},
			orient={
				{
					-0.951643,
					0,
					-0.307205
				},
				{
					0,
					1,
					0
				},
				{
					0.307205,
					0,
					-0.951643
				}
			}
		}
	},
	{
		entity_name="Zs/NPC/mTable4/04/P/Stand",
		type=MARKER,
		template_name="",
		lt_grp=0,
		srt_grp=0,
		usr_flg=0,
		spatialprops={
			pos={
				-1.630143,
				-0.0054,
				7.140767
			},
			orient={
				{
					-0.995566,
					0,
					0.094065
				},
				{
					0,
					1,
					0
				},
				{
					-0.094065,
					0,
					-0.995566
				}
			}
		}
	},
	{
		entity_name="Zs/NPC/mTable4/07/P/Stand",
		type=MARKER,
		template_name="",
		lt_grp=0,
		srt_grp=0,
		usr_flg=0,
		spatialprops={
			pos={
				0.055084,
				0,
				8.498555
			},
			orient={
				{
					0.06723800000000001,
					0,
					0.997737
				},
				{
					0,
					1,
					0
				},
				{
					-0.997737,
					0,
					0.06723800000000001
				}
			}
		}
	},
	{
		entity_name="Zs/NPC/mTable4/09/P/Stand",
		type=MARKER,
		template_name="",
		lt_grp=0,
		srt_grp=0,
		usr_flg=0,
		spatialprops={
			pos={
				1.750013,
				0,
				1.561179
			},
			orient={
				{
					-0.9961,
					0,
					0.088236
				},
				{
					0,
					1,
					0
				},
				{
					-0.088236,
					0,
					-0.9961
				}
			}
		}
	},
	{
		entity_name="Zs/NPC/mTable4/10/P/Stand",
		type=MARKER,
		template_name="",
		lt_grp=0,
		srt_grp=0,
		usr_flg=0,
		spatialprops={
			pos={
				1.786995,
				0,
				-1.098772
			},
			orient={
				{
					-0.997471,
					0,
					0.071071
				},
				{
					0,
					1,
					0
				},
				{
					-0.071071,
					0,
					-0.997471
				}
			}
		}
	},
	{
		entity_name="Zs/NPC/mTable4/03/P2/Stand",
		type=MARKER,
		template_name="",
		lt_grp=0,
		srt_grp=0,
		usr_flg=0,
		spatialprops={
			pos={
				-2.031976,
				0,
				4.95405
			},
			orient={
				{
					-0.951643,
					0,
					-0.307205
				},
				{
					0,
					1,
					0
				},
				{
					0.307205,
					0,
					-0.951643
				}
			}
		}
	},
	{
		entity_name="Zs/NPC/mTable4/04/P2/Stand",
		type=MARKER,
		template_name="",
		lt_grp=0,
		srt_grp=0,
		usr_flg=0,
		spatialprops={
			pos={
				-1.541733,
				0,
				7.646995
			},
			orient={
				{
					-0.995566,
					0,
					0.094065
				},
				{
					0,
					1,
					0
				},
				{
					-0.094065,
					0,
					-0.995566
				}
			}
		}
	},
	{
		entity_name="Zs/NPC/mTable4/07/P2/Stand",
		type=MARKER,
		template_name="",
		lt_grp=0,
		srt_grp=0,
		usr_flg=0,
		spatialprops={
			pos={
				0.561599,
				0,
				8.431945000000001
			},
			orient={
				{
					0.06723800000000001,
					0,
					0.997737
				},
				{
					0,
					1,
					0
				},
				{
					-0.997737,
					0,
					0.06723800000000001
				}
			}
		}
	},
	{
