duration=10000

entities={
	
	
	{
		spatialprops={
			orient={
				{
					-0.999385,
					0,
					0.035074
				},
				{
					0,
					1,
					0
				},
				{
					-0.035074,
					0,
					-0.999385
				}
			},
			pos={
				-5.456637,
				0,
				-6.655717
			}
		},
		type=7,
		entity_name="Zg/PC/Player/01/A/Stand",
		lt_grp=0,
		template_name="",
		usr_flg=0,
		srt_grp=0
	},
	{
		srt_grp=0,
		template_name="",
		up=1,
		type=9,
		lt_grp=0,
		ambient={
			0,
			0,
			0
		},
		spatialprops={
			orient={
				{
					1,
					0,
					0
				},
				{
					0,
					1,
					0
				},
				{
					0,
					0,
					1
				}
			},
			pos={
				0,
				0,
				0
			}
		},
		entity_name="Layer_li_09_Bar_hardpoint",
		usr_flg=0,
		front=2
	},
	{
		spatialprops={
			orient={
				{
					0.943274,
					0,
					0.332014
				},
				{
					0,
					1,
					0
				},
				{
					-0.332014,
					0,
					0.943274
				}
			},
			pos={
				-6.057629,
				0,
				-1.473825
			}
		},
		type=7,
		entity_name="Zs/NPC/Bartender/01/A/Stand",
		lt_grp=0,
		template_name="",
		usr_flg=0,
		srt_grp=0
	},
	{
		spatialprops={
			orient={
				{
					-0.998567,
					0,
					-0.05351
				},
				{
					0,
					1,
					0
				},
				{
					0.05351,
					0,
					-0.998567
				}
			},
			pos={
				6.120173,
				0,
				-0.487027
			}
		},
		type=7,
		entity_name="Zs/NPC/mFloor1/01/P/Stand",
		lt_grp=0,
		template_name="",
		usr_flg=0,
		srt_grp=0
	},
	{
		spatialprops={
			orient={
				{
					-0.998567,
					0,
					-0.05351
				},
				{
					0,
					1,
					0
				},
				{
					0.05351,
					0,
					-0.998567
				}
			},
			pos={
				6.119584,
				0,
				0.024923
			}
		},
		type=7,
		entity_name="Zs/NPC/mFloor1/01/P2/Stand",
		lt_grp=0,
		template_name="",
		usr_flg=0,
		srt_grp=0
	},
	{
		srt_grp=0,
		template_name="",
		usr_flg=0,
		flags=16,
		type=3,
		lt_grp=0,
		spatialprops={
			orient={
				{
					-0.265417,
					0,
					0.9641340000000001
				},
				{
					0.175108,
					0.9833690000000001,
					0.048205
				},
				{
					-0.948099,
					0.181622,
					-0.261003
				}
			},
			pos={
				4.708104,
				1.689017,
				0.193967
			}
		},
		entity_name="Zs/NPC/mFloor1/01/AC2/Camera",
		cameraprops={
			farplane=4000,
			nearplane=0.3,
			fovh=30,
			hvaspect=1.85
		}
	},
	{
		srt_grp=0,
		template_name="",
		usr_flg=0,
		flags=16,
		type=3,
		lt_grp=0,
		spatialprops={
			orient={
				{
					-0.762169,
					0,
					0.647378
				},
				{
					0.124089,
					0.9814580000000001,
					0.146092
				},
				{
					-0.635374,
					0.19168,
					-0.748037
				}
			},
			pos={
				5.558978,
				1.772918,
				-0.293802
			}
		},
		entity_name="Zs/NPC/mFloor1/01/ACOH/Camera",
		cameraprops={
			farplane=4000,
			nearplane=0.3,
			fovh=25,
			hvaspect=1.85
		}
	},
	{
		srt_grp=0,
		template_name="",
		usr_flg=0,
		flags=16,
		type=3,
		lt_grp=0,
		spatialprops={
			orient={
				{
					-0.781118,
					0,
					0.624383
				},
				{
					0.042522,
					0.997678,
					0.053197
				},
				{
					-0.622933,
					0.068103,
					-0.779305
				}
			},
			pos={
				5.70504,
				1.629315,
				0.117511
			}
		},
		entity_name="Zs/NPC/mFloor1/01/ACS/Camera",
		cameraprops={
			farplane=4000,
			nearplane=0.3,
			fovh=25,
			hvaspect=1.85
		}
	},
	{
		srt_grp=0,
		template_name="",
		usr_flg=0,
		flags=16,
		type=3,
		lt_grp=0,
		spatialprops={
			orient={
				{
					-0.774489,
					0,
					0.632587
				},
				{
					0.020961,
					0.999451,
					0.025663
				},
				{
					-0.63224,
					0.033136,
					-0.774064
				}
			},
			pos={
				5.973806,
				1.681145,
				0.60448
			}
		},
		entity_name="Zs/NPC/mFloor1/01/ACU/Camera",
		cameraprops={
			farplane=4000,
			nearplane=0.3,
			fovh=25,
			hvaspect=1.85
		}
	},
	{
		srt_grp=0,
		template_name="",
		usr_flg=0,
		flags=16,
		type=3,
		lt_grp=0,
		spatialprops={
			orient={
				{
					0.652063,
					0,
					0.758164
				},
				{
					0.155018,
					0.978874,
					-0.133324
				},
				{
					-0.742148,
					0.204464,
					0.638288
				}
			},
			pos={
				5.127516,
				1.731246,
				1.711966
			}
		},
		entity_name="Zs/NPC/mFloor1/01/PC2/Camera",
		cameraprops={
			farplane=4000,
			nearplane=0.3,
			fovh=30,
			hvaspect=1.85
		}
	},
	{
		srt_grp=0,
		template_name="",
		usr_flg=0,
		flags=16,
		type=3,
		lt_grp=0,
		spatialprops={
			orient={
				{
					0.9558640000000001,
					0,
					0.293811
				},
				{
					0.060132,
					0.978833,
					-0.195629
				},
				{
					-0.287591,
					0.204662,
					0.935631
				}
			},
			pos={
				5.968367,
				1.785952,
				1.860593
			}
		},
		entity_name="Zs/NPC/mFloor1/01/PCO/Camera",
		cameraprops={
			farplane=4000,
			nearplane=0.3,
			fovh=25,
			hvaspect=1.85
		}
	},
	{
		srt_grp=0,
		template_name="",
		usr_flg=0,
		flags=16,
		type=3,
		lt_grp=0,
		spatialprops={
			orient={
				{
					0.991379,
					0,
					0.131025
				},
				{
					0.013573,
					0.99462,
					-0.102698
				},
				{
					-0.13032,
					0.103591,
					0.986045
				}
			},
			pos={
				6.146645,
				1.662238,
				1.345859
			}
		},
		entity_name="Zs/NPC/mFloor1/01/PCS/Camera",
		cameraprops={
			farplane=4000,
			nearplane=0.3,
			fovh=25,
			hvaspect=1.85
		}
	},
	{
		srt_grp=0,
		template_name="",
		usr_flg=0,
		flags=16,
		type=3,
		lt_grp=0,
		spatialprops={
			orient={
				{
					0.994857,
					0,
					0.101293
				},
				{
					0.006078,
					0.998198,
					-0.059697
				},
				{
					-0.10111,
					0.060006,
					0.993064
				}
			},
			pos={
				6.143719,
				1.698212,
				0.820479
			}
		},
		entity_name="Zs/NPC/mFloor1/01/PCU/Camera",
		cameraprops={
			farplane=4000,
			nearplane=0.3,
			fovh=25,
			hvaspect=1.85
		}
	},
	{
		srt_grp=0,
		template_name="",
		usr_flg=0,
		flags=16,
		type=3,
		lt_grp=0,
		spatialprops={
			orient={
				{
					-0.725881,
					0,
					0.687821
				},
				{
					0.422972,
					0.788569,
					0.446377
				},
				{
					-0.542394,
					0.614946,
					-0.572407
				}
			},
			pos={
				5.644011,
				1.903228,
				0.220021
			}
		},
		entity_name="Zs/NPC/mFloor1/01/TCI/Camera",
		cameraprops={
			farplane=4000,
			nearplane=0.3,
			fovh=15,
			hvaspect=1.85
		}
	},
	{
		srt_grp=0,
		template_name="",
		usr_flg=0,
		type=5,
		lt_grp=0,
		lightprops={
			range=2000,
			cutoff=98.999977,
			specular={
				0,
				0,
				0
			},
			diffuse={
				0,
				0,
				0
			},
			type=3,
			color={
				255,
				255,
				255
			},
			atten={
				1,
				0,
				4e-006
			},
			direction={
				0,
				0,
				1
			},
			ambient={
				0,
				0,
				0
			},
			on=0,
			theta=90
		},
		spatialprops={
			orient={
				{
					0.9999980000000001,
					0,
					-0.001769
				},
				{
					0.001769,
					-0.002306,
					0.999996
				},
				{
					-4e-006,
					-0.999997,
					-0.002306
				}
			},
			pos={
				0,
				0,
				0
			}
		},
		entity_name="LtShadowSource"
	},
	{
		srt_grp=0,
		template_name="",
		usr_flg=0,
		type=5,
		lt_grp=0,
		lightprops={
			range=2000,
			cutoff=98.999977,
			specular={
				0,
				0,
				0
			},
			diffuse={
				0.74902,
				0.74902,
				0.74902
			},
			type=1,
			color={
				255,
				255,
				255
			},
			atten={
				1,
				0,
				4e-006
			},
			direction={
				0,
				0,
				1
			},
			ambient={
				0,
				0,
				0
			},
			on=0,
			theta=90
		},
		spatialprops={
			orient={
				{
					0.665026,
					0,
					0.74682
				},
				{
					0.047019,
					0.998016,
					-0.04187
				},
				{
					-0.745338,
					0.062959,
					0.6637070000000001
				}
			},
			pos={
				-9.7723,
				12.688908,
				6.296179
			}
		},
		entity_name="LtGlareSource"
	},
	{
		srt_grp=0,
		template_name="li_table_round",
		usr_flg=0,
		flags=4,
		type=1,
		lt_grp=0,
		spatialprops={
			orient={
				{
					0.725792,
					0,
					-0.687914
				},
				{
					0,
					1,
					0
				},
				{
					0.687914,
					0,
					0.725792
				}
			},
			pos={
				3.462287,
				0,
				-3.791593
			}
		},
		entity_name="li_table_round_2",
		userprops={
			category="Prop"
		}
	},
	{
		srt_grp=0,
		template_name="li_table_round",
		usr_flg=0,
		flags=4,
		type=1,
		lt_grp=0,
		spatialprops={
			orient={
				{
					0.700838,
					0,
					-0.71332
				},
				{
					0,
					1,
					0
				},
				{
					0.71332,
					0,
					0.700838
				}
			},
			pos={
				-3.537018,
				0,
				-3.791593
			}
		},
		entity_name="li_table_round_1",
		userprops={
			category="Prop"
		}
	},
	{
		srt_grp=0,
		template_name="li_table_round",
		usr_flg=0,
		flags=4,
		type=1,
		lt_grp=0,
		spatialprops={
			orient={
				{
					0.694481,
					0,
					-0.719511
				},
				{
					0,
					1,
					0
				},
				{
					0.719511,
					0,
					0.694481
				}
			},
			pos={
				-3.537018,
				0,
				3.788198
			}
		},
		entity_name="li_table_round_4",
		userprops={
			category="Prop"
		}
	},
	{
		srt_grp=0,
		template_name="li_table_round",
		usr_flg=0,
		flags=4,
		type=1,
		lt_grp=0,
		spatialprops={
			orient={
				{
					0.717792,
					0,
					-0.696258
				},
				{
					0,
					1,
					0
				},
				{
					0.696258,
					0,
					0.717792
				}
			},
			pos={
				3.752435,
				0,
				3.993148
			}
		},
		entity_name="li_table_round_3",
		userprops={
			category="Prop"
		}
	},
	{
		spatialprops={
			orient={
				{
					0.945343,
					0,
					-0.326078
				},
				{
					0,
					1,
					0
				},
				{
					0.326078,
					0,
					0.945343
				}
			},
			pos={
				6.408054,
				0,
				1.312529
			}
		},
		type=7,
		entity_name="Zg/NPC/mFloor1/01/A/Stand",
		lt_grp=0,
		template_name="",
		usr_flg=0,
		srt_grp=0
	},
	{
		srt_grp=0,
		template_name="li_09_depot",
		usr_flg=0,
		flags=4,
		type=1,
		lt_grp=9,
		spatialprops={
			orient={
				{
					1,
					0,
					0
				},
				{
					0,
					1,
					0
				},
				{
					0,
					0,
					1
				}
			},
			pos={
				0,
				0,
				0
			}
		},
		entity_name="Set_li_09_depot",
		userprops={
			category="Room"
		}
	},
	{
		spatialprops={
			orient={
				{
					0.999924,
					0,
					0.012357
				},
				{
					0,
					1,
					0
				},
				{
					-0.012357,
					0,
					0.999924
				}
			},
			pos={
				-2.144758,
				0,
				1.018748
			}
		},
		type=7,
		entity_name="Zg/NPC/mTable4/05/A/SitLow",
		lt_grp=0,
		template_name="",
		usr_flg=0,
		srt_grp=0
	},
	{
		spatialprops={
			orient={
				{
					0.69073,
					0,
					-0.723113
				},
				{
					0,
					1,
					0
				},
				{
					0.723113,
					0,
					0.69073
				}
			},
			pos={
				-2.799986,
				0,
				-3.073567
			}
		},
		type=7,
		entity_name="Zg/NPC/mTable4/01/A/SitLow",
		lt_grp=0,
		template_name="",
		usr_flg=0,
		srt_grp=0
	},
	{
		spatialprops={
			orient={
				{
					0.730107,
					0,
					-0.683333
				},
				{
					0,
					1,
					0
				},
				{
					0.683333,
					0,
					0.730107
				}
			},
			pos={
				4.162906,
				0,
				-3.040738
			}
		},
		type=7,
		entity_name="Zg/NPC/mTable4/02/A/SitLow",
		lt_grp=0,
		template_name="",
		usr_flg=0,
		srt_grp=0
	},
	{
		spatialprops={
			orient={
				{
					0.7329790000000001,
					0,
					-0.6802510000000001
				},
				{
					0,
					1,
					0
				},
				{
					0.6802510000000001,
					0,
					0.7329790000000001
				}
			},
			pos={
				4.455922,
				0,
				4.736958
			}
		},
		type=7,
		entity_name="Zg/NPC/mTable4/03/A/SitLow",
		lt_grp=0,
		template_name="",
		usr_flg=0,
		srt_grp=0
	},
	{
		spatialprops={
			orient={
				{
					0.7150800000000001,
					0,
					0.699043
				},
				{
					0,
					1,
					0
				},
				{
					-0.699043,
					0,
					0.7150800000000001
				}
			},
			pos={
				-4.255729,
				0,
				4.533252
			}
		},
		type=7,
		entity_name="Zg/NPC/mTable4/04/A/SitLow",
		lt_grp=0,
		template_name="",
		usr_flg=0,
		srt_grp=0
	},
	{
		srt_grp=0,
		template_name="Ashtray_3",
		usr_flg=0,
		flags=4,
		type=1,
		lt_grp=0,
		spatialprops={
			orient={
				{
					1,
					0,
					0
				},
				{
					0,
					1,
					0
				},
				{
					0,
					0,
					1
				}
			},
			pos={
				-3.655438,
				0.832167,
				3.606966
			}
		},
		entity_name="Prop_Ashtray_3_table4",
		userprops={
			Priority="Room_Prop_1",
			category="Prop"
		}
	},
	{
		srt_grp=0,
		template_name="Bottle_3",
		usr_flg=0,
		flags=4,
		type=1,
		lt_grp=0,
		spatialprops={
			orient={
				{
					0.811353,
					0,
					-0.584556
				},
				{
					0,
					1,
					0
				},
				{
					0.584556,
					0,
					0.811353
				}
			},
			pos={
				-2.1723,
				0.957333,
				-0.120044
			}
		},
		entity_name="Prop_Bottle_3_table5",
		userprops={
			Priority="Room_Prop_1",
			category="Prop"
		}
	},
	{
		srt_grp=0,
		template_name="Bottle_2",
		usr_flg=0,
		flags=4,
		type=1,
		lt_grp=0,
		spatialprops={
			orient={
				{
					1,
					0,
					0
				},
				{
					0,
					1,
					0
				},
				{
					0,
					0,
					1
				}
			},
			pos={
				3.436339,
				0.958453,
				-3.912525
			}
		},
		entity_name="Prop_Bottle_2_table2",
		userprops={
			Priority="Room_Prop_1",
			category="Prop"
		}
	},
	{
		srt_grp=0,
		template_name="glass_metal_1",
		usr_flg=0,
		flags=4,
		type=1,
		lt_grp=0,
		spatialprops={
			orient={
				{
					1,
					0,
					0
				},
				{
					0,
					-0.002732,
					-0.999996
				},
				{
					0,
					0.999996,
					-0.002732
				}
			},
			pos={
				-3.486399,
				0.799211,
				-3.877146
			}
		},
		entity_name="Prop_glass_metal_1_table1",
		userprops={
			Priority="Room_Prop_1",
			category="Prop"
		}
	},
	{
		srt_grp=0,
		template_name="bottle_wine_1",
		usr_flg=0,
		flags=4,
		type=1,
		lt_grp=0,
		spatialprops={
			orient={
				{
					1,
					0,
					0
				},
				{
					0,
					0.008427000000000001,
					-0.999964
				},
				{
					0,
					0.999964,
					0.008427000000000001
				}
			},
			pos={
				-3.397517,
				0.983513,
				3.695747
			}
		},
		entity_name="Prop_bottle_wine_1_table4",
		userprops={
			Priority="Room_Prop_1",
			category="Prop"
		}
	},
	{
		srt_grp=0,
		template_name="glass_metal_1",
		usr_flg=0,
		flags=4,
		type=1,
		lt_grp=0,
		spatialprops={
			orient={
				{
					1,
					0,
					0
				},
				{
					0,
					-0.002732,
					-0.999996
				},
				{
					0,
					0.999996,
					-0.002732
				}
			},
			pos={
				3.38428,
				0.798159,
				-3.701249
			}
		},
		entity_name="Prop_glass_metal_1_table2",
		userprops={
			Priority="Room_Prop_1",
			category="Prop"
		}
	},
	{
		srt_grp=0,
		template_name="",
		usr_flg=0,
		flags=16,
		type=3,
		lt_grp=0,
		spatialprops={
			orient={
				{
					-0.537305,
					0,
					0.843388
				},
				{
					0.149555,
					0.984152,
					0.095278
				},
				{
					-0.830022,
					0.177326,
					-0.52879
				}
			},
			pos={
				-10.851699,
				2.779262,
				-7.307376
			}
		},
		entity_name="Camera_0",
		cameraprops={
			farplane=4000,
			nearplane=0.3,
			fovh=31,
			hvaspect=1.777777
		}
	},
	{
		srt_grp=0,
		template_name="",
		usr_flg=0,
		type=3,
		lt_grp=0,
		spatialprops={
			orient={
				{
					-0.999729,
					0,
					-0.023295
				},
				{
					0.0006980000000000001,
					0.999551,
					-0.029954
				},
				{
					0.023285,
					-0.029962,
					-0.99928
				}
			},
			pos={
				1.051223,
				1.862789,
				5.429803
			}
		},
		entity_name="Camera_Mission",
		cameraprops={
			farplane=200,
			nearplane=1,
			fovh=30,
			hvaspect=1.777777
		}
	},
	{
		srt_grp=0,
		template_name="",
		usr_flg=0,
		type=3,
		lt_grp=0,
		spatialprops={
			orient={
				{
					-0.998854,
					0,
					-0.047858
				},
				{
					-0.001073,
					0.999749,
					0.022396
				},
				{
					0.047846,
					0.022421,
					-0.998603
				}
			},
			pos={
				-0.727277,
				1.881604,
				5.926089
			}
		},
		entity_name="Camera_News",
		cameraprops={
			farplane=200,
			nearplane=1,
			fovh=30,
			hvaspect=1.777777
		}
	},
	{
		srt_grp=0,
		template_name="",
		usr_flg=0,
		flags=16,
		type=3,
		lt_grp=0,
		spatialprops={
			orient={
				{
					-0.785722,
					0,
					0.61858
				},
				{
					0.104496,
					0.985628,
					0.132731
				},
				{
					-0.60969,
					0.168929,
					-0.77443
				}
			},
			pos={
				-6.751884,
				1.679541,
				-3.350827
			}
		},
		entity_name="Zs/NPC/Bartender/01/AC2/Camera",
		cameraprops={
			farplane=4000,
			nearplane=0.3,
			fovh=30,
			hvaspect=1.85
		}
	},
	{
		srt_grp=0,
		template_name="",
		usr_flg=0,
		flags=16,
		type=3,
		lt_grp=0,
		spatialprops={
			orient={
				{
					-0.999884,
					0,
					-0.01521
				},
				{
					-0.002655,
					0.984648,
					0.174531
				},
				{
					0.014976,
					0.174551,
					-0.984534
				}
			},
			pos={
				-5.690353,
				1.771095,
				-3.267717
			}
		},
		entity_name="Zs/NPC/Bartender/01/ACOH/Camera",
		cameraprops={
			farplane=4000,
			nearplane=0.3,
			fovh=25,
			hvaspect=1.85
		}
	},
	{
		srt_grp=0,
		template_name="",
		usr_flg=0,
		flags=16,
		type=3,
		lt_grp=0,
		spatialprops={
			orient={
				{
					-0.999368,
					0,
					-0.035555
				},
				{
					-0.002576,
					0.997371,
					0.07241499999999999
				},
				{
					0.035461,
					0.072461,
					-0.996741
				}
			},
			pos={
				-5.813738,
				1.630561,
				-2.773957
			}
		},
		entity_name="Zs/NPC/Bartender/01/ACS/Camera",
		cameraprops={
			farplane=4000,
			nearplane=0.3,
			fovh=25,
			hvaspect=1.85
		}
	},
	{
		spatialprops={
			orient={
				{
					-0.7490790000000001,
					0,
					-0.662481
				},
				{
					0,
					1,
					0
				},
				{
					0.662481,
					0,
					-0.7490790000000001
				}
			},
			pos={
				-5.16484,
				0,
				-3.062599
			}
		},
		type=7,
		entity_name="Zs/NPC/Bartender/01/P/Stand",
		lt_grp=0,
		template_name="",
		usr_flg=0,
		srt_grp=0
	},
	{
		spatialprops={
			orient={
				{
					-0.7490790000000001,
					0,
					-0.662481
				},
				{
					0,
					1,
					0
				},
				{
					0.662481,
					0,
					-0.7490790000000001
				}
			},
			pos={
				-5.483452,
				0,
				-2.661876
			}
		},
		type=7,
		entity_name="Zs/NPC/Bartender/01/P2/Stand",
		lt_grp=0,
		template_name="",
		usr_flg=0,
		srt_grp=0
	},
	{
		srt_grp=0,
		template_name="",
		usr_flg=0,
		flags=16,
		type=3,
		lt_grp=0,
		spatialprops={
			orient={
				{
					0.07534200000000001,
					0,
					0.997158
				},
				{
					0.208104,
					0.97798,
					-0.015724
				},
				{
					-0.975201,
					0.208698,
					0.073683
				}
			},
			pos={
				-7.305832,
				1.739797,
				-1.893769
			}
		},
		entity_name="Zs/NPC/Bartender/01/PC2/Camera",
		cameraprops={
			farplane=4000,
			nearplane=0.3,
			fovh=30,
			hvaspect=1.85
		}
	},
	{
		srt_grp=0,
		template_name="",
		usr_flg=0,
		flags=16,
		type=3,
		lt_grp=0,
		spatialprops={
			orient={
				{
					0.609211,
					0,
					0.7930080000000001
				},
				{
					0.145318,
					0.983066,
					-0.111638
				},
				{
					-0.7795800000000001,
					0.183249,
					0.598895
				}
			},
			pos={
				-6.671328,
				1.772069,
				-1.286653
			}
		},
		entity_name="Zs/NPC/Bartender/01/PCO/Camera",
		cameraprops={
			farplane=4000,
			nearplane=0.3,
			fovh=25,
			hvaspect=1.85
		}
	},
	{
		srt_grp=0,
		template_name="",
		usr_flg=0,
		flags=16,
		type=3,
		lt_grp=0,
		spatialprops={
			orient={
				{
					0.719707,
					0,
					0.694278
				},
				{
					0.03874,
					0.9984420000000001,
					-0.040159
				},
				{
					-0.693196,
					0.055798,
					0.718586
				}
			},
			pos={
				-6.210739,
				1.618149,
				-1.644381
			}
		},
		entity_name="Zs/NPC/Bartender/01/PCS/Camera",
		cameraprops={
			farplane=4000,
			nearplane=0.3,
			fovh=25,
			hvaspect=1.85
		}
	},
	{
		srt_grp=0,
		template_name="",
		usr_flg=0,
		flags=16,
		type=3,
		lt_grp=0,
		spatialprops={
			orient={
				{
					-0.642493,
					0,
					0.7662910000000001
				},
				{
					-0.15261,
					0.979968,
					-0.127955
				},
				{
					-0.750941,
					-0.199154,
					-0.629623
				}
			},
			pos={
				-8.973903999999999,
				0.085108,
				-6.151162
			}
		},
		entity_name="Zs/NPC/Bartender/01/WFC/Camera",
		cameraprops={
			farplane=4000,
			nearplane=0.3,
			fovh=30,
			hvaspect=1.85
		}
	},
	{
		srt_grp=0,
		template_name="li_table_round",
		usr_flg=0,
		flags=4,
		type=1,
		lt_grp=0,
		spatialprops={
			orient={
				{
					1,
					0,
					0
				},
				{
					0,
					1,
					0
				},
				{
					0,
					0,
					1
				}
			},
			pos={
				-2.128729,
				0,
				0
			}
		},
		entity_name="li_table_round_5",
		userprops={
			category="Prop"
		}
	},
	{
		spatialprops={
			orient={
				{
					0.719647,
					0,
					0.69434
				},
				{
					0,
					1,
					0
				},
				{
					-0.69434,
					0,
					0.719647
				}
			},
			pos={
				-4.254169,
				0,
				-3.063639
			}
		},
		type=7,
		entity_name="Zg/NPC/mTable4/01/B/SitLow",
		lt_grp=0,
		template_name="",
		usr_flg=0,
		srt_grp=0
	},
	{
		spatialprops={
			orient={
				{
					-0.70614,
					0,
					-0.708072
				},
				{
					0,
					1,
					0
				},
				{
					0.708072,
					0,
					-0.70614
				}
			},
			pos={
				-2.818633,
				0,
				-4.524557
			}
		},
		type=7,
		entity_name="Zg/NPC/mTable4/01/C/SitLow",
		lt_grp=0,
		template_name="",
		usr_flg=0,
		srt_grp=0
	},
	{
		spatialprops={
			orient={
				{
					-0.699958,
					0,
					0.714184
				},
				{
					0,
					1,
					0
				},
				{
					-0.714184,
					0,
					-0.699958
				}
			},
			pos={
				-4.275838,
				0,
				-4.512384
			}
		},
		type=7,
		entity_name="Zg/NPC/mTable4/01/D/SitLow",
		lt_grp=0,
		template_name="",
		usr_flg=0,
		srt_grp=0
	},
	{
		spatialprops={
			orient={
				{
					-0.690508,
					0,
					-0.723325
				},
				{
					0,
					1,
					0
				},
				{
					0.723325,
					0,
					-0.690508
				}
			},
			pos={
				4.212904,
				0,
				-4.507947
			}
		},
		type=7,
		entity_name="Zg/NPC/mTable4/02/B/SitLow",
		lt_grp=0,
		template_name="",
		usr_flg=0,
		srt_grp=0
	},
	{
		spatialprops={
			orient={
				{
					0.688893,
					0,
					0.724863
				},
				{
					0,
					1,
					0
				},
				{
					-0.724863,
					0,
					0.688893
				}
			},
			pos={
				2.713828,
				0,
				-3.08152
			}
		},
		type=7,
		entity_name="Zg/NPC/mTable4/02/C/SitLow",
		lt_grp=0,
		template_name="",
		usr_flg=0,
		srt_grp=0
	},
	{
		spatialprops={
			orient={
				{
					-0.724542,
					0,
					0.689231
				},
				{
					0,
					1,
					0
				},
				{
					-0.689231,
					0,
					-0.724542
				}
			},
			pos={
				2.75672,
				0,
				-4.523493
			}
		},
		type=7,
		entity_name="Zg/NPC/mTable4/02/D/SitLow",
		lt_grp=0,
		template_name="",
		usr_flg=0,
		srt_grp=0
	},
	{
		spatialprops={
			orient={
				{
					-0.691927,
					0,
					-0.721967
				},
				{
					0,
					1,
					0
				},
				{
					0.721967,
					0,
					-0.691927
				}
			},
			pos={
				4.486699,
				0,
				3.282227
			}
		},
		type=7,
		entity_name="Zg/NPC/mTable4/03/B/SitLow",
		lt_grp=0,
		template_name="",
		usr_flg=0,
		srt_grp=0
	},
	{
		spatialprops={
			orient={
				{
					0.689295,
					0,
					0.724481
				},
				{
					0,
					1,
					0
				},
				{
					-0.724481,
					0,
					0.689295
				}
			},
			pos={
				3.006974,
				0,
				4.699885
			}
		},
		type=7,
		entity_name="Zg/NPC/mTable4/03/C/SitLow",
		lt_grp=0,
		template_name="",
		usr_flg=0,
		srt_grp=0
	},
	{
		spatialprops={
			orient={
				{
					-0.717401,
					0,
					0.696661
				},
				{
					0,
					1,
					0
				},
				{
					-0.696661,
					0,
					-0.717401
				}
			},
			pos={
				3.047295,
				0,
				3.259555
			}
		},
		type=7,
		entity_name="Zg/NPC/mTable4/03/D/SitLow",
		lt_grp=0,
		template_name="",
		usr_flg=0,
		srt_grp=0
	},
	{
		spatialprops={
			orient={
				{
					-0.711673,
					0,
					-0.702511
				},
				{
					0,
					1,
					0
				},
				{
					0.702511,
					0,
					-0.711673
				}
			},
			pos={
				-2.821376,
				0,
				3.058059
			}
		},
		type=7,
		entity_name="Zg/NPC/mTable4/04/B/SitLow",
		lt_grp=0,
		template_name="",
		usr_flg=0,
		srt_grp=0
	},
	{
		spatialprops={
			orient={
				{
					0.683148,
					0,
					-0.73028
				},
				{
					0,
					1,
					0
				},
				{
					0.73028,
					0,
					0.683148
				}
			},
			pos={
				-2.794325,
				0,
				4.49923
			}
		},
		type=7,
		entity_name="Zg/NPC/mTable4/04/C/SitLow",
		lt_grp=0,
		template_name="",
		usr_flg=0,
		srt_grp=0
	},
	{
		spatialprops={
			orient={
				{
					-0.682484,
					0,
					0.730901
				},
				{
					0,
					1,
					0
				},
				{
					-0.730901,
					0,
					-0.682484
				}
			},
			pos={
				-4.293635,
				0,
				3.097025
			}
		},
		type=7,
		entity_name="Zg/NPC/mTable4/04/D/SitLow",
		lt_grp=0,
		template_name="",
		usr_flg=0,
		srt_grp=0
	},
	{
		spatialprops={
			orient={
				{
					-0.999999,
					0,
					-0.001793
				},
				{
					0,
					1,
					0
				},
				{
					0.001793,
					0,
					-0.999999
				}
			},
			pos={
				-2.125587,
				0,
				-1.033519
			}
		},
		type=7,
		entity_name="Zg/NPC/mTable4/05/B/SitLow",
		lt_grp=0,
		template_name="",
		usr_flg=0,
		srt_grp=0
	},
	{
		spatialprops={
			orient={
				{
					0.007546,
					0,
					-0.999972
				},
				{
					0,
					1,
					0
				},
				{
					0.999972,
					0,
					0.007546
				}
			},
			pos={
				-1.090473,
				0,
				-0.000522
			}
		},
		type=7,
		entity_name="Zg/NPC/mTable4/05/C/SitLow",
		lt_grp=0,
		template_name="",
		usr_flg=0,
		srt_grp=0
	},
	{
		spatialprops={
			orient={
				{
					-0.004626,
					0,
					0.999989
				},
				{
					0,
					1,
					0
				},
				{
					-0.999989,
					0,
					-0.004626
				}
			},
			pos={
				-3.164531,
				0,
				-0.016366
			}
		},
		type=7,
		entity_name="Zg/NPC/mTable4/05/D/SitLow",
		lt_grp=0,
		template_name="",
		usr_flg=0,
		srt_grp=0
	},
	{
		srt_grp=0,
		template_name="",
		usr_flg=0,
		flags=16,
		type=3,
		lt_grp=0,
		spatialprops={
			orient={
				{
					0.039404,
					0,
					0.999223
				},
				{
					0.262499,
					0.964877,
					-0.010351
				},
				{
					-0.964128,
					0.262703,
					0.03802
				}
			},
			pos={
				-5.21897,
				1.801867,
				-3.925717
			}
		},
		entity_name="Zs/NPC/mTable4/01/AC2/Camera",
		cameraprops={
			farplane=4000,
			nearplane=0.3,
			fovh=30,
			hvaspect=1.85
		}
	},
	{
		srt_grp=0,
		template_name="",
		usr_flg=0,
		flags=16,
		type=3,
		lt_grp=0,
		spatialprops={
			orient={
				{
					-0.638773,
					0,
					0.7693950000000001
				},
				{
					0.301303,
					0.920131,
					0.25015
				},
				{
					-0.7079450000000001,
					0.391611,
					-0.587755
				}
			},
			pos={
				-4.334602,
				1.950796,
				-4.929237
			}
		},
		entity_name="Zs/NPC/mTable4/01/ACOH/Camera",
		cameraprops={
			farplane=4000,
			nearplane=0.3,
			fovh=20,
			hvaspect=1.85
		}
	},
	{
		srt_grp=0,
		template_name="",
		usr_flg=0,
		flags=16,
		type=3,
		lt_grp=0,
		spatialprops={
			orient={
				{
					-0.590293,
					0,
					0.8071890000000001
				},
				{
					0.175437,
					0.9760950000000001,
					0.128296
				},
				{
					-0.787894,
					0.217343,
					-0.576182
				}
			},
			pos={
				-4.586949,
				1.501552,
				-4.856946
			}
		},
		entity_name="Zs/NPC/mTable4/01/ACOL/Camera",
		cameraprops={
			farplane=4000,
			nearplane=0.3,
			fovh=20,
			hvaspect=1.85
		}
	}
	,
	{
		srt_grp=0,
		template_name="",
		usr_flg=0,
		flags=16,
		type=3,
		lt_grp=0,
		spatialprops={
			orient={
				{
					-0.614169,
					0,
					0.789175
				},
				{
					0.124871,
					0.987402,
					0.09718
				},
				{
					-0.779233,
					0.15823,
					-0.606432
				}
			},
			pos={
				-4.070496,
				1.366782,
				-4.334732
			}
		},
		entity_name="Zs/NPC/mTable4/01/ACS/Camera",
		cameraprops={
			farplane=4000,
			nearplane=0.3,
			fovh=20,
			hvaspect=1.85
		}
	},
	{
		srt_grp=0,
		template_name="",
		usr_flg=0,
		flags=16,
		type=3,
		lt_grp=0,
		spatialprops={
			orient={
				{
					-0.610431,
					0,
					0.792069
				},
				{
					0.101165,
					0.99181,
					0.07796599999999999
				},
				{
					-0.785582,
					0.127722,
					-0.6054310000000001
				}
			},
			pos={
				-3.573258,
				1.346176,
				-3.822758
			}
		},
		entity_name="Zs/NPC/mTable4/01/ACU/Camera",
		cameraprops={
			farplane=4000,
			nearplane=0.3,
			fovh=20,
			hvaspect=1.85
		}
	},
	{
		spatialprops={
			orient={
				{
					-0.936106,
					0,
					0.351719
				},
				{
					0,
					1,
					0
				},
				{
					-0.351719,
					0,
					-0.936106
				}
			},
			pos={
				-3.921438,
				0,
				-5.123854
			}
		},
		type=7,
		entity_name="Zs/NPC/mTable4/01/P/Stand",
		lt_grp=0,
		template_name="",
		usr_flg=0,
		srt_grp=0
	},
	{
		spatialprops={
			orient={
				{
					-0.936106,
					0,
					0.351719
				},
				{
					0,
					1,
					0
				},
				{
					-0.351719,
					0,
					-0.936106
				}
			},
			pos={
				-3.71653,
				0,
				-4.654701
			}
		},
		type=7,
		entity_name="Zs/NPC/mTable4/01/P2/Stand",
		lt_grp=0,
		template_name="",
		usr_flg=0,
		srt_grp=0
	},
	{
		srt_grp=0,
		template_name="",
		usr_flg=0,
		flags=16,
		type=3,
		lt_grp=0,
		spatialprops={
			orient={
				{
					0.423213,
					0,
					0.90603
				},
				{
					0.358677,
					0.918303,
					-0.167541
				},
				{
					-0.83201,
					0.395878,
					0.388638
				}
			},
			pos={
				-10.490479,
				5.018293,
				-2.955814
			}
		},
		entity_name="Zs/NPC/mTable4/01/WFC/Camera",
		cameraprops={
			farplane=4000,
			nearplane=0.3,
			fovh=30,
			hvaspect=1.85
		}
	},
	{
		srt_grp=0,
		template_name="",
		usr_flg=0,
		flags=16,
		type=3,
		lt_grp=0,
		spatialprops={
			orient={
				{
					-0.40684,
					0,
					0.9135
				},
				{
					0.653882,
					0.698306,
					0.291216
				},
				{
					-0.637902,
					0.715799,
					-0.284099
				}
			},
			pos={
				-4.542327,
				2.219257,
				-4.181736
			}
		},
		entity_name="Zs/NPC/mTable4/01/TCI/Camera",
		cameraprops={
			farplane=4000,
			nearplane=0.3,
			fovh=15,
			hvaspect=1.85
		}
	},
	{
		spatialprops={
			orient={
				{
					-0.905098,
					0,
					0.425203
				},
				{
					0,
					1,
					0
				},
				{
					-0.425203,
					0,
					-0.905098
				}
			},
			pos={
				-3.281825,
				0.798342,
				-3.620355
			}
		},
		type=7,
		entity_name="Zs/NPC/mTable4/01/Prop",
		lt_grp=0,
		template_name="",
		usr_flg=0,
		srt_grp=0
	},
	{
		srt_grp=0,
		template_name="",
		usr_flg=0,
		flags=16,
		type=3,
		lt_grp=0,
		spatialprops={
			orient={
				{
					0.955218,
					0,
					-0.295904
				},
				{
					0.03443,
					0.993208,
					0.111145
				},
				{
					0.293894,
					-0.116355,
					0.948729
				}
			},
			pos={
				-3.311002,
				1.529705,
				-3.713542
			}
		},
		entity_name="Zs/NPC/mTable4/01/PCU/Camera",
		cameraprops={
			farplane=4000,
			nearplane=0.3,
			fovh=20,
			hvaspect=1.85
		}
	},
	{
		srt_grp=0,
		template_name="",
		usr_flg=0,
		flags=16,
		type=3,
		lt_grp=0,
		spatialprops={
			orient={
				{
					0.958293,
					0,
					-0.285788
				},
				{
					0.022461,
					0.996907,
					0.07531400000000001
				},
				{
					0.284904,
					-0.078592,
					0.955329
				}
			},
			pos={
				-3.060647,
				1.402566,
				-3.156455
			}
		},
		entity_name="Zs/NPC/mTable4/01/PCS/Camera",
		cameraprops={
			farplane=4000,
			nearplane=0.3,
			fovh=20,
			hvaspect=1.85
		}
	},
	{
		srt_grp=0,
		template_name="",
		usr_flg=0,
		flags=16,
		type=3,
		lt_grp=0,
		spatialprops={
			orient={
				{
					0.980816,
					0,
					-0.194936
				},
				{
					0.019946,
					0.9947510000000001,
					0.10036
				},
				{
					0.193913,
					-0.102322,
					0.975668
				}
			},
			pos={
				-2.899322,
				1.146228,
				-2.400115
			}
		},
		entity_name="Zs/NPC/mTable4/01/PCO/Camera",
		cameraprops={
			farplane=4000,
			nearplane=0.3,
			fovh=20,
			hvaspect=1.85
		}
	},
	{
		srt_grp=0,
		template_name="",
		usr_flg=0,
		flags=16,
		type=3,
		lt_grp=0,
		spatialprops={
			orient={
				{
					0.761943,
					0,
					0.647644
				},
				{
					0.147045,
					0.973884,
					-0.172996
				},
				{
					-0.63073,
					0.227046,
					0.742045
				}
			},
			pos={
				-4.665468,
				1.691083,
				-2.121001
			}
		},
		entity_name="Zs/NPC/mTable4/01/PC2/Camera",
		cameraprops={
			farplane=4000,
			nearplane=0.3,
			fovh=30,
			hvaspect=1.85
		}
	},
	{
		srt_grp=0,
		template_name="",
		usr_flg=0,
		flags=16,
		type=3,
		lt_grp=0,
		spatialprops={
			orient={
				{
					-0.160651,
					0,
					0.987011
				},
				{
					0.209125,
					0.9772960000000001,
					0.034038
				},
				{
					-0.964602,
					0.211877,
					-0.157004
				}
			},
			pos={
				1.798333,
				1.722395,
				-4.253127
			}
		},
		entity_name="Zs/NPC/mTable4/02/AC2/Camera",
		cameraprops={
			farplane=4000,
			nearplane=0.3,
			fovh=30,
			hvaspect=1.85
		}
	},
	{
		srt_grp=0,
		template_name="",
		usr_flg=0,
		flags=16,
		type=3,
		lt_grp=0,
		spatialprops={
			orient={
				{
					-0.638249,
					0,
					0.76983
				},
				{
					0.304528,
					0.918432,
					0.252478
				},
				{
					-0.707036,
					0.395579,
					-0.586189
				}
			},
			pos={
				2.621056,
				1.974316,
				-4.919838
			}
		},
		entity_name="Zs/NPC/mTable4/02/ACOH/Camera",
		cameraprops={
			farplane=4000,
			nearplane=0.3,
			fovh=20,
			hvaspect=1.85
		}
	},
	{
		srt_grp=0,
		template_name="",
		usr_flg=0,
		flags=16,
		type=3,
		lt_grp=0,
		spatialprops={
			orient={
				{
					-0.613507,
					0,
					0.789689
				},
				{
					0.143648,
					0.983316,
					0.1116
				},
				{
					-0.776514,
					0.181904,
					-0.603272
				}
			},
			pos={
				2.469642,
				1.427585,
				-4.853028
			}
		},
		entity_name="Zs/NPC/mTable4/02/ACOL/Camera",
		cameraprops={
			farplane=4000,
			nearplane=0.3,
			fovh=20,
			hvaspect=1.85
		}
	},
	{
		srt_grp=0,
		template_name="",
		usr_flg=0,
		flags=16,
		type=3,
		lt_grp=0,
		spatialprops={
			orient={
				{
					-0.6706,
					0,
					0.741819
				},
				{
					0.114699,
					0.987974,
					0.103687
				},
				{
					-0.7328980000000001,
					0.154618,
					-0.662536
				}
			},
			pos={
				3.014641,
				1.365699,
				-4.325353
			}
		},
		entity_name="Zs/NPC/mTable4/02/ACS/Camera",
		cameraprops={
			farplane=4000,
			nearplane=0.3,
			fovh=20,
			hvaspect=1.85
		}
	},
	{
		srt_grp=0,
		template_name="",
		usr_flg=0,
		flags=16,
		type=3,
		lt_grp=0,
		spatialprops={
			orient={
				{
					-0.640163,
					0,
					0.768239
				},
				{
					0.108676,
					0.9899440000000001,
					0.090558
				},
				{
					-0.760514,
					0.141461,
					-0.633725
				}
			},
			pos={
				3.489531,
				1.366129,
				-3.779189
			}
		},
		entity_name="Zs/NPC/mTable4/02/ACU/Camera",
		cameraprops={
			farplane=4000,
			nearplane=0.3,
			fovh=20,
			hvaspect=1.85
		}
	},
	{
		spatialprops={
			orient={
				{
					-0.954609,
					0,
					0.297863
				},
				{
					0,
					1,
					0
				},
				{
					-0.297863,
					0,
					-0.954609
				}
			},
			pos={
				3.122958,
				0,
				-5.11868
			}
		},
		type=7,
		entity_name="Zs/NPC/mTable4/02/P/Stand",
		lt_grp=0,
		template_name="",
		usr_flg=0,
		srt_grp=0
	},
	{
		spatialprops={
			orient={
				{
					-0.954609,
					0,
					0.297863
				},
				{
					0,
					1,
					0
				},
				{
					-0.297863,
					0,
					-0.954609
				}
			},
			pos={
				3.300829,
				0,
				-4.638624
			}
		},
		type=7,
		entity_name="Zs/NPC/mTable4/02/P2/Stand",
		lt_grp=0,
		template_name="",
		usr_flg=0,
		srt_grp=0
	},
	{
		srt_grp=0,
		template_name="",
		usr_flg=0,
		flags=16,
		type=3,
		lt_grp=0,
		spatialprops={
			orient={
				{
					-0.305955,
					0,
					0.952046
				},
				{
					0.193204,
					0.979192,
					0.062089
				},
				{
					-0.932236,
					0.202936,
					-0.299589
				}
			},
			pos={
				-3.300007,
				2.82721,
				-4.327341
			}
		},
		entity_name="Zs/NPC/mTable4/02/WFC/Camera",
		cameraprops={
			farplane=4000,
			nearplane=0.3,
			fovh=30,
			hvaspect=1.85
		}
	},
	{
		srt_grp=0,
		template_name="",
		usr_flg=0,
		flags=16,
		type=3,
		lt_grp=0,
		spatialprops={
			orient={
				{
					-0.537251,
					0,
					0.843422
				},
				{
					0.608724,
					0.692174,
					0.387751
				},
				{
					-0.583795,
					0.721731,
					-0.371872
				}
			},
			pos={
				2.667984,
				2.049066,
				-4.194659
			}
		},
		entity_name="Zs/NPC/mTable4/02/TCI/Camera",
		cameraprops={
			farplane=4000,
			nearplane=0.3,
			fovh=15,
			hvaspect=1.85
		}
	},
	{
		spatialprops={
			orient={
				{
					-0.930966,
					0,
					0.365107
				},
				{
					0,
					1,
					0
				},
				{
					-0.365107,
					0,
					-0.930966
				}
			},
			pos={
				3.679828,
				0.7981470000000001,
				-3.55012
			}
		},
		type=7,
		entity_name="Zs/NPC/mTable4/02/Prop",
		lt_grp=0,
		template_name="",
		usr_flg=0,
		srt_grp=0
	},
	{
		srt_grp=0,
		template_name="",
		usr_flg=0,
		flags=16,
		type=3,
		lt_grp=0,
		spatialprops={
			orient={
				{
					0.956514,
					0,
					-0.291687
				},
				{
					0.041476,
					0.989839,
					0.13601
				},
				{
					0.288723,
					-0.142193,
					0.9467950000000001
				}
			},
			pos={
				3.718266,
				1.496813,
				-3.665479
			}
		},
		entity_name="Zs/NPC/mTable4/02/PCU/Camera",
		cameraprops={
			farplane=4000,
			nearplane=0.3,
			fovh=20,
			hvaspect=1.85
		}
	},
	{
		srt_grp=0,
		template_name="",
		usr_flg=0,
		flags=16,
		type=3,
		lt_grp=0,
		spatialprops={
			orient={
				{
					0.9643890000000001,
					0,
					-0.264488
				},
				{
					0.02645,
					0.994987,
					0.096442
				},
				{
					0.263163,
					-0.100003,
					0.959554
				}
			},
			pos={
				3.91213,
				1.371257,
				-3.11112
			}
		},
		entity_name="Zs/NPC/mTable4/02/PCS/Camera",
		cameraprops={
			farplane=4000,
			nearplane=0.3,
			fovh=20,
			hvaspect=1.85
		}
	},
	{
		srt_grp=0,
		template_name="",
		usr_flg=0,
		flags=16,
		type=3,
		lt_grp=0,
		spatialprops={
			orient={
				{
					0.984838,
					0,
					-0.173478
				},
				{
					0.018503,
					0.994296,
					0.10504
				},
				{
					0.172488,
					-0.106657,
					0.97922
				}
			},
			pos={
				4.055722,
				1.147869,
				-2.37423
			}
		},
		entity_name="Zs/NPC/mTable4/02/PCO/Camera",
		cameraprops={
			farplane=4000,
			nearplane=0.3,
			fovh=20,
			hvaspect=1.85
		}
	},
	{
		srt_grp=0,
		template_name="",
		usr_flg=0,
		flags=16,
		type=3,
		lt_grp=0,
		spatialprops={
			orient={
				{
					0.670803,
					0,
					0.741636
				},
				{
					0.158868,
					0.976787,
					-0.143695
				},
				{
					-0.72442,
					0.214213,
					0.655231
				}
			},
			pos={
				2.072769,
				1.677689,
				-2.284761
			}
		},
		entity_name="Zs/NPC/mTable4/02/PC2/Camera",
		cameraprops={
			farplane=4000,
			nearplane=0.3,
			fovh=30,
			hvaspect=1.85
		}
	},
	{
		srt_grp=0,
		template_name="",
		usr_flg=0,
		flags=16,
		type=3,
		lt_grp=0,
		spatialprops={
			orient={
				{
					-0.319147,
					0,
					0.947705
				},
				{
					0.241822,
					0.966897,
					0.08143499999999999
				},
				{
					-0.916334,
					0.255166,
					-0.308582
				}
			},
			pos={
				2.577859,
				1.794461,
				3.213116
			}
		},
		entity_name="Zs/NPC/mTable4/03/AC2/Camera",
		cameraprops={
			farplane=4000,
			nearplane=0.3,
			fovh=30,
			hvaspect=1.85
		}
	},
	{
		srt_grp=0,
		template_name="",
		usr_flg=0,
		flags=16,
		type=3,
		lt_grp=0,
		spatialprops={
			orient={
				{
					-0.795716,
					0,
					0.60567
				},
				{
					0.259295,
					0.903725,
					0.340656
				},
				{
					-0.547359,
					0.428113,
					-0.719109
				}
			},
			pos={
				3.421546,
				1.995843,
				2.674742
			}
		},
		entity_name="Zs/NPC/mTable4/03/ACOH/Camera",
		cameraprops={
			farplane=4000,
			nearplane=0.3,
			fovh=20,
			hvaspect=1.85
		}
	},
	{
		srt_grp=0,
		template_name="",
		usr_flg=0,
		flags=16,
		type=3,
		lt_grp=0,
		spatialprops={
			orient={
				{
					-0.760471,
					0,
					0.649372
				},
				{
					0.127628,
					0.980496,
					0.149464
				},
				{
					-0.636706,
					0.196541,
					-0.7456390000000001
				}
			},
			pos={
				3.187335,
				1.445849,
				2.670878
			}
		},
		entity_name="Zs/NPC/mTable4/03/ACOL/Camera",
		cameraprops={
			farplane=4000,
			nearplane=0.3,
			fovh=20,
			hvaspect=1.85
		}
	},
	{
		srt_grp=0,
		template_name="",
		usr_flg=0,
		flags=16,
		type=3,
		lt_grp=0,
		spatialprops={
			orient={
				{
					-0.800572,
					0,
					0.599236
				},
				{
					0.099538,
					0.986108,
					0.132981
				},
				{
					-0.590911,
					0.166108,
					-0.789451
				}
			},
			pos={
				3.628231,
				1.371291,
				3.281798
			}
		},
		entity_name="Zs/NPC/mTable4/03/ACS/Camera",
		cameraprops={
			farplane=4000,
			nearplane=0.3,
			fovh=20,
			hvaspect=1.85
		}
	},
	{
		srt_grp=0,
		template_name="",
		usr_flg=0,
		flags=16,
		type=3,
		lt_grp=0,
