duration=10000

entities={
	
	
	{
		entity_name="Zg/PC/Player/01/A/Stand",
		type=MARKER,
		template_name="",
		lt_grp=0,
		srt_grp=0,
		usr_flg=0,
		spatialprops={
			pos={
				-4.02588,
				0,
				0.785882
			},
			orient={
				{
					-0.182797,
					0,
					0.983151
				},
				{
					0,
					1,
					0
				},
				{
					-0.983151,
					0,
					-0.182797
				}
			}
		}
	},
	{
		entity_name="Zs/NPC/Bartender/01/AC2/Camera",
		type=CAMERA,
		template_name="",
		lt_grp=0,
		srt_grp=0,
		usr_flg=0,
		flags=HIDDEN,
		spatialprops={
			pos={
				-1.855432,
				1.687533,
				1.364083
			},
			orient={
				{
					0.999696,
					0,
					0.024648
				},
				{
					0.004366,
					0.984183,
					-0.177103
				},
				{
					-0.024258,
					0.177157,
					0.983884
				}
			}
		},
		cameraprops={
			fovh=30,
			hvaspect=1.85,
			nearplane=0.3,
			farplane=4000
		}
	},
	{
		entity_name="Zs/NPC/Bartender/01/ACOH/Camera",
		type=CAMERA,
		template_name="",
		lt_grp=0,
		srt_grp=0,
		usr_flg=0,
		flags=HIDDEN,
		spatialprops={
			pos={
				-2.634938,
				1.769109,
				0.5518340000000001
			},
			orient={
				{
					0.797777,
					0,
					0.602952
				},
				{
					0.11445,
					0.98182,
					-0.151432
				},
				{
					-0.59199,
					0.189817,
					0.783274
				}
			}
		},
		cameraprops={
			fovh=25,
			hvaspect=1.85,
			nearplane=0.3,
			farplane=4000
		}
	},
	{
		entity_name="Zs/NPC/Bartender/01/ACS/Camera",
		type=CAMERA,
		template_name="",
		lt_grp=0,
		srt_grp=0,
		usr_flg=0,
		flags=HIDDEN,
		spatialprops={
			pos={
				-2.05321,
				1.665003,
				0.385208
			},
			orient={
				{
					0.833086,
					0,
					0.5531430000000001
				},
				{
					0.059186,
					0.994259,
					-0.08914
				},
				{
					-0.549968,
					0.106999,
					0.828303
				}
			}
		},
		cameraprops={
			fovh=25,
			hvaspect=1.85,
			nearplane=0.3,
			farplane=4000
		}
	},
	{
		entity_name="Zs/NPC/Bartender/01/P/Stand",
		type=MARKER,
		template_name="",
		lt_grp=0,
		srt_grp=0,
		usr_flg=0,
		spatialprops={
			pos={
				-2.946119,
				0,
				0.08794
			},
			orient={
				{
					0.137911,
					0,
					0.990445
				},
				{
					0,
					1,
					0
				},
				{
					-0.990445,
					0,
					0.137911
				}
			}
		}
	},
	{
		entity_name="Zs/NPC/Bartender/01/P2/Stand",
		type=MARKER,
		template_name="",
		lt_grp=0,
		srt_grp=0,
		usr_flg=0,
		spatialprops={
			pos={
				-2.444544,
				0,
				-0.014601
			},
			orient={
				{
					0.137911,
					0,
					0.990445
				},
				{
					0,
					1,
					0
				},
				{
					-0.990445,
					0,
					0.137911
				}
			}
		}
	},
	{
		entity_name="Zs/NPC/Bartender/01/PC2/Camera",
		type=CAMERA,
		template_name="",
		lt_grp=0,
		srt_grp=0,
		usr_flg=0,
		flags=HIDDEN,
		spatialprops={
			pos={
				-0.08562500000000001,
				1.798552,
				0.408915
			},
			orient={
				{
					0.520963,
					0,
					-0.853579
				},
				{
					-0.21816,
					0.966787,
					-0.133149
				},
				{
					0.825229,
					0.255583,
					0.503661
				}
			}
		},
		cameraprops={
			fovh=30,
			hvaspect=1.85,
			nearplane=0.3,
			farplane=4000
		}
	},
	{
		entity_name="Zs/NPC/Bartender/01/PCO/Camera",
		type=CAMERA,
		template_name="",
		lt_grp=0,
		srt_grp=0,
		usr_flg=0,
		flags=HIDDEN,
		spatialprops={
			pos={
				-0.305997,
				1.76742,
				-0.656153
			},
			orient={
				{
					-0.048156,
					0,
					-0.99884
				},
				{
					-0.199321,
					0.979887,
					0.009610000000000001
				},
				{
					0.97875,
					0.199552,
					-0.047188
				}
			}
		},
		cameraprops={
			fovh=25,
			hvaspect=1.85,
			nearplane=0.3,
			farplane=4000
		}
	},
	{
		entity_name="Zs/NPC/Bartender/01/PCS/Camera",
		type=CAMERA,
		template_name="",
		lt_grp=0,
		srt_grp=0,
		usr_flg=0,
		flags=HIDDEN,
		spatialprops={
			pos={
				-0.962081,
				1.621329,
				-0.342955
			},
			orient={
				{
					-0.052884,
					0,
					-0.998601
				},
				{
					-0.084956,
					0.996375,
					0.004499
				},
				{
					0.99498,
					0.085075,
					-0.052692
				}
			}
		},
		cameraprops={
			fovh=25,
			hvaspect=1.85,
			nearplane=0.3,
			farplane=4000
		}
	},
	{
		entity_name="Zs/NPC/Bartender/01/WFC/Camera",
		type=CAMERA,
		template_name="",
		lt_grp=0,
		srt_grp=0,
		usr_flg=0,
		flags=HIDDEN,
		spatialprops={
			pos={
				-5.376913,
				4.999259,
				4.705686
			},
			orient={
				{
					0.751059,
					0.272258,
					0.601487
				},
				{
					0.056977,
					0.880892,
					-0.469875
				},
				{
					-0.657772,
					0.387175,
					0.646089
				}
			}
		},
		cameraprops={
			fovh=30,
			hvaspect=1.85,
			nearplane=0.3,
			farplane=4000
		}
	},
	{
		entity_name="Zg/NPC/mTable2/01/A/SitLow",
		type=MARKER,
		template_name="",
		lt_grp=0,
		srt_grp=0,
		usr_flg=0,
		spatialprops={
			pos={
				-5.616035,
				0,
				2.719751
			},
			orient={
				{
					-0.775985,
					0,
					0.630751
				},
				{
					0,
					1,
					0
				},
				{
					-0.630751,
					0,
					-0.775985
				}
			}
		}
	},
	{
		entity_name="Zg/NPC/mTable2/01/B/SitLow",
		type=MARKER,
		template_name="",
		lt_grp=0,
		srt_grp=0,
		usr_flg=0,
		spatialprops={
			pos={
				-5.258171,
				0,
				3.966689
			},
			orient={
				{
					-0.775985,
					0,
					0.630751
				},
				{
					0,
					1,
					0
				},
				{
					-0.630751,
					0,
					-0.775985
				}
			}
		}
	},
	{
		entity_name="Zs/NPC/Bartender/01/A/Stand",
		type=MARKER,
		template_name="",
		lt_grp=0,
		srt_grp=0,
		usr_flg=0,
		spatialprops={
			pos={
				-0.943332,
				0,
				-0.8536820000000001
			},
			orient={
				{
					-0.814276,
					0,
					-0.5804780000000001
				},
				{
					0,
					1,
					0
				},
				{
					0.5804780000000001,
					0,
					-0.814276
				}
			}
		}
	},
	{
		entity_name="Layer_li_03_Bar_Hardpoint",
		type=SCENE,
		template_name="",
		lt_grp=0,
		srt_grp=0,
		usr_flg=0,
		spatialprops={
			pos={
				0,
				0,
				0
			},
			orient={
				{
					1,
					0,
					0
				},
				{
					0,
					1,
					0
				},
				{
					0,
					0,
					1
				}
			}
		},
		up=Y_AXIS,
		front=Z_AXIS,
		ambient={
			0,
			0,
			0
		}
	},
	{
		entity_name="SET_Li_03_Bar",
		type=COMPOUND,
		template_name="li_03_bar",
		lt_grp=9,
		srt_grp=0,
		usr_flg=0,
		flags=LIT_DYNAMIC,
		spatialprops={
			pos={
				0,
				0,
				0
			},
			orient={
				{
					0.999987,
					0,
					-0.005109
				},
				{
					0,
					1,
					0
				},
				{
					0.005109,
					0,
					0.999987
				}
			}
		},
		userprops={
			category="Room"
		}
	},
	{
		entity_name="Camera_Mission",
		type=CAMERA,
		template_name="",
		lt_grp=0,
		srt_grp=0,
		usr_flg=0,
		flags=HIDDEN,
		spatialprops={
			pos={
				0.806681,
				3.275221,
				0.789427
			},
			orient={
				{
					0.957379,
					0,
					-0.288834
				},
				{
					-0.277922,
					0.272269,
					-0.921211
				},
				{
					0.07864,
					0.962221,
					0.260664
				}
			}
		},
		cameraprops={
			fovh=30,
			hvaspect=1.777777,
			nearplane=0.5,
			farplane=200
		}
	},
	{
		entity_name="Zg/NPC/mTable1/05/A/SitLow",
		type=MARKER,
		template_name="",
		lt_grp=0,
		srt_grp=0,
		usr_flg=0,
		spatialprops={
			pos={
				-4.690688,
				0,
				6.656116
			},
			orient={
				{
					0.469061,
					0,
					0.883166
				},
				{
					0,
					1,
					0
				},
				{
					-0.883166,
					0,
					0.469061
				}
			}
		}
	},
	{
		entity_name="Zg/NPC/mTable4/02/D/SitLow",
		type=MARKER,
		template_name="",
		lt_grp=0,
		srt_grp=0,
		usr_flg=0,
		spatialprops={
			pos={
				-1.876837,
				0,
				4.104526
			},
			orient={
				{
					0.735357,
					0,
					-0.67768
				},
				{
					0,
					1,
					0
				},
				{
					0.67768,
					0,
					0.735357
				}
			}
		}
	},
	{
		entity_name="Zg/NPC/mTable4/04/B/SitLow",
		type=MARKER,
		template_name="",
		lt_grp=0,
		srt_grp=0,
		usr_flg=0,
		spatialprops={
			pos={
				-0.630282,
				0,
				5.633356
			},
			orient={
				{
					-0.708143,
					0,
					0.706069
				},
				{
					0,
					1,
					0
				},
				{
					-0.706069,
					0,
					-0.708143
				}
			}
		}
	},
	{
		entity_name="Zg/NPC/mTable4/03/D/SitLow",
		type=MARKER,
		template_name="",
		lt_grp=0,
		srt_grp=0,
		usr_flg=0,
		spatialprops={
			pos={
				3.175861,
				0,
				4.105216
			},
			orient={
				{
					0.740282,
					0,
					-0.672297
				},
				{
					0,
					1,
					0
				},
				{
					0.672297,
					0,
					0.740282
				}
			}
		}
	},
	{
		entity_name="Zg/NPC/mTable4/03/A/SitLow",
		type=MARKER,
		template_name="",
		lt_grp=0,
		srt_grp=0,
		usr_flg=0,
		spatialprops={
			pos={
				3.184459,
				0,
				2.829397
			},
			orient={
				{
					-0.676322,
					0,
					-0.736606
				},
				{
					0,
					1,
					0
				},
				{
					0.736606,
					0,
					-0.676322
				}
			}
		}
	},
	{
		entity_name="Zg/NPC/rBar2/01/A/SitHigh",
		type=MARKER,
		template_name="",
		lt_grp=0,
		srt_grp=0,
		usr_flg=0,
		spatialprops={
			pos={
				-0.89274,
				0,
				0.986084
			},
			orient={
				{
					0.960356,
					0,
					0.278775
				},
				{
					0,
					1,
					0
				},
				{
					-0.278775,
					0,
					0.960356
				}
			}
		}
	},
	{
		entity_name="Zg/NPC/mFloor2/01/A/Stand",
		type=MARKER,
		template_name="",
		lt_grp=0,
		srt_grp=0,
		usr_flg=0,
		spatialprops={
			pos={
				2.544321,
				0,
				0.7096130000000001
			},
			orient={
				{
					-0.721816,
					0,
					-0.692085
				},
				{
					0,
					1,
					0
				},
				{
					0.692085,
					0,
					-0.721816
				}
			}
		}
	},
	{
		entity_name="Zg/NPC/mTable4/02/C/SitLow",
		type=MARKER,
		template_name="",
		lt_grp=0,
		srt_grp=0,
		usr_flg=0,
		spatialprops={
			pos={
				-1.865418,
				0,
				2.876865
			},
			orient={
				{
					-0.722754,
					0,
					-0.691105
				},
				{
					0,
					1,
					0
				},
				{
					0.691105,
					0,
					-0.722754
				}
			}
		}
	},
	{
		entity_name="Zg/NPC/mTable4/02/B/SitLow",
		type=MARKER,
		template_name="",
		lt_grp=0,
		srt_grp=0,
		usr_flg=0,
		spatialprops={
			pos={
				-3.107324,
				0,
				2.858735
			},
			orient={
				{
					-0.723293,
					0,
					0.690541
				},
				{
					0,
					1,
					0
				},
				{
					-0.690541,
					0,
					-0.723293
				}
			}
		}
	},
	{
		entity_name="Zg/NPC/mTable4/02/A/SitLow",
		type=MARKER,
		template_name="",
		lt_grp=0,
		srt_grp=0,
		usr_flg=0,
		spatialprops={
			pos={
				-3.064684,
				0,
				4.160271
			},
			orient={
				{
					0.725048,
					0,
					0.688698
				},
				{
					0,
					1,
					0
				},
				{
					-0.688698,
					0,
					0.725048
				}
			}
		}
	},
	{
		entity_name="Zg/NPC/mFloor2/01/B/Stand",
		type=MARKER,
		template_name="",
		lt_grp=0,
		srt_grp=0,
		usr_flg=0,
		spatialprops={
			pos={
				1.78531,
				0,
				1.008485
			},
			orient={
				{
					0.043504,
					0,
					0.999053
				},
				{
					0,
					1,
					0
				},
				{
					-0.999053,
					0,
					0.043504
				}
			}
		}
	},
	{
		entity_name="Zg/NPC/mTable4/04/A/SitLow",
		type=MARKER,
		template_name="",
		lt_grp=0,
		srt_grp=0,
		usr_flg=0,
		spatialprops={
			pos={
				-0.49927,
				0,
				6.950123
			},
			orient={
				{
					0.731228,
					0,
					0.682133
				},
				{
					0,
					1,
					0
				},
				{
					-0.682133,
					0,
					0.731228
				}
			}
		}
	},
	{
		entity_name="Zg/NPC/mTable4/03/C/SitLow",
		type=MARKER,
		template_name="",
		lt_grp=0,
		srt_grp=0,
		usr_flg=0,
		spatialprops={
			pos={
				1.952749,
				0,
				4.085015
			},
			orient={
				{
					0.747814,
					0,
					0.663909
				},
				{
					0,
					1,
					0
				},
				{
					-0.663909,
					0,
					0.747814
				}
			}
		}
	},
	{
		entity_name="Zg/NPC/mTable4/03/B/SitLow",
		type=MARKER,
		template_name="",
		lt_grp=0,
		srt_grp=0,
		usr_flg=0,
		spatialprops={
			pos={
				1.898168,
				0,
				2.893892
			},
			orient={
				{
					-0.66721,
					0,
					0.74487
				},
				{
					0,
					1,
					0
				},
				{
					-0.74487,
					0,
					-0.66721
				}
			}
		}
	},
	{
		entity_name="Zg/NPC/mTable4/04/D/SitLow",
		type=MARKER,
		template_name="",
		lt_grp=0,
		srt_grp=0,
		usr_flg=0,
		spatialprops={
			pos={
				0.606182,
				0,
				6.905119
			},
			orient={
				{
					0.734353,
					0,
					-0.678768
				},
				{
					0,
					1,
					0
				},
				{
					0.678768,
					0,
					0.734353
				}
			}
		}
	},
	{
		entity_name="Zg/NPC/mTable4/04/C/SitLow",
		type=MARKER,
		template_name="",
		lt_grp=0,
		srt_grp=0,
		usr_flg=0,
		spatialprops={
			pos={
				0.719351,
				0,
				5.681328
			},
			orient={
				{
					-0.702616,
					0,
					-0.711569
				},
				{
					0,
					1,
					0
				},
				{
					0.711569,
					0,
					-0.702616
				}
			}
		}
	},
	{
		entity_name="Zg/NPC/rTable4/01/A/SitLow",
		type=MARKER,
		template_name="",
		lt_grp=0,
		srt_grp=0,
		usr_flg=0,
		spatialprops={
			pos={
				0.827367,
				0,
				2.932062
			},
			orient={
				{
					-0.624786,
					0,
					-0.7807960000000001
				},
				{
					0,
					1,
					0
				},
				{
					0.7807960000000001,
					0,
					-0.624786
				}
			}
		}
	},
	{
		entity_name="Zg/NPC/rTable4/01/D/SitLow",
		type=MARKER,
		template_name="",
		lt_grp=0,
		srt_grp=0,
		usr_flg=0,
		spatialprops={
			pos={
				0.693869,
				0,
				4.202778
			},
			orient={
				{
					0.741123,
					0,
					-0.671369
				},
				{
					0,
					1,
					0
				},
				{
					0.671369,
					0,
					0.741123
				}
			}
		}
	},
	{
		entity_name="Zg/NPC/rTable4/01/C/SitLow",
		type=MARKER,
		template_name="",
		lt_grp=0,
		srt_grp=0,
		usr_flg=0,
		spatialprops={
			pos={
				-0.531818,
				0,
				2.833977
			},
			orient={
				{
					-0.750656,
					0,
					0.660694
				},
				{
					0,
					1,
					0
				},
				{
					-0.660694,
					0,
					-0.750656
				}
			}
		}
	},
	{
		entity_name="Zg/NPC/rTable4/01/B/SitLow",
		type=MARKER,
		template_name="",
		lt_grp=0,
		srt_grp=0,
		usr_flg=0,
		spatialprops={
			pos={
				-0.522362,
				0,
				4.111615
			},
			orient={
				{
					0.671194,
					0,
					0.741282
				},
				{
					0,
					1,
					0
				},
				{
					-0.741282,
					0,
					0.671194
				}
			}
		}
	},
	{
		entity_name="Zs/NPC/mTable4/02/TCI/Camera",
		type=CAMERA,
		template_name="",
		lt_grp=0,
		srt_grp=0,
		usr_flg=0,
		flags=HIDDEN,
		spatialprops={
			pos={
				-1.704862,
				1.751047,
				2.733653
			},
			orient={
				{
					-0.614239,
					0,
					-0.78912
				},
				{
					-0.455877,
					0.816248,
					0.354847
				},
				{
					0.644118,
					0.5777020000000001,
					-0.501371
				}
			}
		},
		cameraprops={
			fovh=14.999999,
			hvaspect=1.85,
			nearplane=0.3,
			farplane=4000
		}
	},
	{
		entity_name="Zs/NPC/mTable4/02/ACOH/Camera",
		type=CAMERA,
		template_name="",
		lt_grp=0,
		srt_grp=0,
		usr_flg=0,
		flags=HIDDEN,
		spatialprops={
			pos={
				-2.382467,
				1.91189,
				1.865673
			},
			orient={
				{
					-0.892311,
					0,
					-0.451422
				},
				{
					-0.177771,
					0.919195,
					0.351394
				},
				{
					0.414945,
					0.393802,
					-0.8202080000000001
				}
			}
		},
		cameraprops={
			fovh=20,
			hvaspect=1.85,
			nearplane=0.3,
			farplane=4000
		}
	},
	{
		entity_name="Zs/NPC/mTable4/02/PC2/Camera",
		type=CAMERA,
		template_name="",
		lt_grp=0,
		srt_grp=0,
		usr_flg=0,
		flags=HIDDEN,
		spatialprops={
			pos={
				-1.01566,
				1.606782,
				4.531071
			},
			orient={
				{
					0.514295,
					0,
					-0.857613
				},
				{
					-0.183734,
					0.976781,
					-0.110182
				},
				{
					0.837701,
					0.214238,
					0.502354
				}
			}
		},
		cameraprops={
			fovh=29.999998,
			hvaspect=1.85,
			nearplane=0.3,
			farplane=4000
		}
	},
	{
		entity_name="Zs/NPC/mTable4/02/ACU/Camera",
		type=CAMERA,
		template_name="",
		lt_grp=0,
		srt_grp=0,
		usr_flg=0,
		flags=HIDDEN,
		spatialprops={
			pos={
				-2.717012,
				1.296484,
				3.227182
			},
			orient={
				{
					-0.932464,
					0,
					-0.361262
				},
				{
					-0.0037,
					0.999948,
					0.00955
				},
				{
					0.361243,
					0.010242,
					-0.932415
				}
			}
		},
		cameraprops={
			fovh=20,
			hvaspect=1.85,
			nearplane=0.3,
			farplane=4000
		}
	},
	{
		entity_name="Zs/NPC/mTable4/02/PCU/Camera",
		type=CAMERA,
		template_name="",
		lt_grp=0,
		srt_grp=0,
		usr_flg=0,
		flags=HIDDEN,
		spatialprops={
			pos={
				-2.679153,
				1.606417,
				3.327847
			},
			orient={
				{
					0.9757,
					0,
					-0.219112
				},
				{
					0.006429,
					0.999569,
					0.028628
				},
				{
					0.219018,
					-0.029341,
					0.97528
				}
			}
		},
		cameraprops={
			fovh=20,
			hvaspect=1.85,
			nearplane=0.3,
			farplane=4000
		}
	},
	{
		entity_name="Zs/NPC/mTable4/02/ACOL/Camera",
		type=CAMERA,
		template_name="",
		lt_grp=0,
		srt_grp=0,
		usr_flg=0,
		flags=HIDDEN,
		spatialprops={
			pos={
				-2.058252,
				1.465404,
				1.839255
			},
			orient={
				{
					-0.8396670000000001,
					0,
					-0.543102
				},
				{
					-0.1123,
					0.978388,
					0.173623
				},
				{
					0.531365,
					0.206776,
					-0.82152
				}
			}
		},
		cameraprops={
			fovh=20,
			hvaspect=1.85,
			nearplane=0.3,
			farplane=4000
		}
	},
	{
		entity_name="Zs/NPC/mTable4/02/PCO/Camera",
		type=CAMERA,
		template_name="",
		lt_grp=0,
		srt_grp=0,
		usr_flg=0,
		flags=HIDDEN,
		spatialprops={
			pos={
				-2.709895,
				1.163171,
				4.713013
			},
			orient={
				{
					0.973881,
					0,
					-0.227061
				},
				{
					0.022119,
					0.995244,
					0.09487
				},
				{
					0.225981,
					-0.097415,
					0.969249
				}
			}
		},
		cameraprops={
			fovh=20,
			hvaspect=1.85,
			nearplane=0.3,
			farplane=4000
		}
	},
	{
		entity_name="Zs/NPC/mTable4/02/WFC/Camera",
		type=CAMERA,
		template_name="",
		lt_grp=0,
		srt_grp=0,
		usr_flg=0,
		flags=HIDDEN,
		spatialprops={
			pos={
				-0.494255,
				6.44139,
				7.033784
			},
			orient={
				{
					0.545646,
					0,
					-0.838016
				},
				{
					-0.603993,
					0.693204,
					-0.393269
				},
				{
					0.580916,
					0.720741,
					0.378244
				}
			}
		},
		cameraprops={
			fovh=29.999998,
			hvaspect=1.85,
			nearplane=0.3,
			farplane=4000
		}
	},
	{
		entity_name="Zs/NPC/mTable4/02/P2/Stand",
		type=MARKER,
		template_name="",
		lt_grp=0,
		srt_grp=0,
		usr_flg=0,
		spatialprops={
			pos={
				-2.815051,
				0,
				2.332181
			},
			orient={
				{
					-0.995653,
					0,
					0.093138
				},
				{
					0,
					1,
					0
				},
				{
					-0.093138,
					0,
					-0.995653
				}
			}
		}
	},
	{
		entity_name="Zs/NPC/mTable4/02/P/Stand",
		type=MARKER,
		template_name="",
		lt_grp=0,
		srt_grp=0,
		usr_flg=0,
		spatialprops={
			pos={
				-2.90299,
				-0.0054,
				1.825871
			},
			orient={
				{
					-0.995653,
					0,
					0.093138
				},
				{
					0,
					1,
					0
				},
				{
					-0.093138,
					0,
					-0.995653
				}
			}
		}
	},
	{
		entity_name="Zs/NPC/mTable4/02/AC2/Camera",
		type=CAMERA,
		template_name="",
		lt_grp=0,
		srt_grp=0,
		usr_flg=0,
		flags=HIDDEN,
		spatialprops={
			pos={
				-0.850326,
				1.545961,
				2.439916
			},
			orient={
				{
					-0.321233,
					0,
					-0.947
				},
				{
					-0.132148,
					0.990216,
					0.044826
				},
				{
					0.937735,
					0.139543,
					-0.31809
				}
			}
		},
		cameraprops={
			fovh=29.999998,
			hvaspect=1.85,
			nearplane=0.3,
			farplane=4000
		}
	},
	{
		entity_name="Zs/NPC/mTable4/02/ACS/Camera",
		type=CAMERA,
		template_name="",
		lt_grp=0,
		srt_grp=0,
		usr_flg=0,
		flags=HIDDEN,
		spatialprops={
			pos={
				-2.367999,
				1.348189,
				2.826654
			},
			orient={
				{
					-0.834229,
					0,
					-0.551418
				},
				{
					-0.084586,
					0.988165,
					0.127968
				},
				{
					0.544892,
					0.153397,
					-0.824356
				}
			}
		},
		cameraprops={
			fovh=20,
			hvaspect=1.85,
			nearplane=0.3,
			farplane=4000
		}
	},
	{
		entity_name="Zs/NPC/mTable4/02/PCS/Camera",
		type=CAMERA,
		template_name="",
		lt_grp=0,
		srt_grp=0,
		usr_flg=0,
		flags=HIDDEN,
		spatialprops={
			pos={
				-2.64339,
				1.505756,
				3.953534
			},
			orient={
				{
					0.975698,
					0,
					-0.219121
				},
				{
					0.003563,
					0.999868,
					0.015864
				},
				{
					0.219092,
					-0.016259,
					0.975569
				}
			}
		},
		cameraprops={
			fovh=20,
			hvaspect=1.85,
			nearplane=0.3,
			farplane=4000
		}
	},
	{
		entity_name="Zs/NPC/mTable4/03/P/Stand",
		type=MARKER,
		template_name="",
		lt_grp=0,
		srt_grp=0,
		usr_flg=0,
		flags=HIDDEN,
		spatialprops={
			pos={
				1.250521,
				-0.0054,
				3.730868
			},
			orient={
				{
					0.499355,
					0,
					0.866397
				},
				{
					0,
					1,
					0
				},
				{
					-0.866397,
					0,
					0.499355
				}
			}
		}
	},
	{
		entity_name="Zs/NPC/mTable4/03/P2/Stand",
		type=MARKER,
		template_name="",
		lt_grp=0,
		srt_grp=0,
		usr_flg=0,
		spatialprops={
			pos={
				1.674202,
				0,
				3.440046
			},
			orient={
				{
					0.499355,
					0,
					0.866397
				},
				{
					0,
					1,
					0
				},
				{
					-0.866397,
					0,
					0.499355
				}
			}
		}
	},
	{
		entity_name="Zs/NPC/mTable4/03/AC2/Camera",
		type=CAMERA,
		template_name="",
		lt_grp=0,
		srt_grp=0,
		usr_flg=0,
		flags=HIDDEN,
		spatialprops={
			pos={
				2.537468,
				1.833225,
				4.984286
			},
			orient={
				{
					0.994167,
					0,
					-0.107856
				},
				{
					-0.031329,
					0.956883,
					-0.288778
				},
				{
					0.103205,
					0.290472,
					0.951301
				}
			}
		},
		cameraprops={
			fovh=29.999998,
			hvaspect=1.85,
			nearplane=0.3,
			farplane=4000
		}
	},
	{
		entity_name="Zs/NPC/mTable4/03/ACOH/Camera",
		type=CAMERA,
		template_name="",
		lt_grp=0,
		srt_grp=0,
		usr_flg=0,
		flags=HIDDEN,
		spatialprops={
			pos={
				1.333731,
				1.974956,
				3.871465
			},
			orient={
				{
					0.630379,
					0,
					0.776288
				},
				{
					0.34289,
					0.89716,
					-0.278441
				},
				{
					-0.6964550000000001,
					0.441705,
					0.565551
				}
			}
		},
		cameraprops={
			fovh=20,
			hvaspect=1.85,
			nearplane=0.3,
			farplane=4000
		}
	},
	{
		entity_name="Zs/NPC/mTable4/03/TCI/Camera",
		type=CAMERA,
		template_name="",
		lt_grp=0,
		srt_grp=0,
		usr_flg=0,
		flags=HIDDEN,
		spatialprops={
			pos={
				1.909585,
				1.897308,
				4.27422
			},
			orient={
				{
					0.822852,
					0,
					0.568256
				},
				{
					0.361078,
					0.7721710000000001,
					-0.522853
				},
				{
					-0.43879,
					0.635415,
					0.635382
				}
			}
		},
		cameraprops={
			fovh=14.999999,
			hvaspect=1.85,
			nearplane=0.3,
			farplane=4000
		}
	},
	{
		entity_name="Zs/NPC/mTable4/03/ACS/Camera",
		type=CAMERA,
		template_name="",
		lt_grp=0,
		srt_grp=0,
		usr_flg=0,
		flags=HIDDEN,
		spatialprops={
			pos={
				2.016693,
				1.417891,
				3.852296
			},
			orient={
				{
					0.745113,
					0,
					0.666939
				},
				{
					0.120899,
					0.983432,
					-0.13507
				},
				{
					-0.6558890000000001,
					0.181275,
					0.732768
				}
			}
		},
		cameraprops={
			fovh=20,
			hvaspect=1.85,
			nearplane=0.3,
			farplane=4000
		}
	},
	{
		entity_name="Zs/NPC/mTable4/03/PCS/Camera",
		type=CAMERA,
		template_name="",
		lt_grp=0,
		srt_grp=0,
		usr_flg=0,
		flags=HIDDEN,
		spatialprops={
			pos={
				3.12772,
				1.567495,
				3.195381
			},
			orient={
				{
					-0.03811,
					0,
					-0.999274
				},
				{
					-0.005708,
					0.999984,
					0.000218
				},
				{
					0.999257,
					0.005712,
					-0.038109
				}
			}
		},
		cameraprops={
			fovh=20,
			hvaspect=1.85,
			nearplane=0.3,
			farplane=4000
		}
	},
	{
		entity_name="Zs/NPC/mTable4/03/ACU/Camera",
		type=CAMERA,
		template_name="",
		lt_grp=0,
		srt_grp=0,
		usr_flg=0,
		flags=HIDDEN,
		spatialprops={
			pos={
				2.394227,
				1.433955,
				3.433408
			},
			orient={
				{
					0.720721,
					0,
					0.693225
				},
				{
					0.128613,
					0.982639,
					-0.133714
				},
				{
					-0.68119,
					0.185529,
					0.708209
				}
			}
		},
		cameraprops={
			fovh=20,
			hvaspect=1.85,
			nearplane=0.3,
			farplane=4000
		}
	},
	{
		entity_name="Zs/NPC/mTable4/03/PCO/Camera",
		type=CAMERA,
		template_name="",
		lt_grp=0,
		srt_grp=0,
		usr_flg=0,
		flags=HIDDEN,
		spatialprops={
			pos={
				3.757506,
				1.124145,
				3.094857
			},
			orient={
				{
					0.041347,
					0,
					-0.999145
				},
				{
					0.159167,
					0.9872300000000001,
					0.006587
				},
				{
					0.986385,
					-0.159303,
					0.040819
				}
			}
		},
		cameraprops={
			fovh=20,
			hvaspect=1.85,
			nearplane=0.3,
			farplane=4000
		}
	},
	{
		entity_name="Zs/NPC/mTable4/03/WFC/Camera",
		type=CAMERA,
		template_name="",
		lt_grp=0,
		srt_grp=0,
		usr_flg=0,
		flags=HIDDEN,
		spatialprops={
			pos={
				3.798252,
				6.064978,
				6.757516
			},
			orient={
				{
					0.664805,
					0.150604,
					-0.7316780000000001
				},
				{
					-0.6709310000000001,
					0.551044,
					-0.496187
				},
				{
					0.328459,
					0.820773,
					0.467382
				}
			}
		},
		cameraprops={
			fovh=29.999998,
			hvaspect=1.85,
			nearplane=0.3,
			farplane=4000
		}
	},
	{
		entity_name="Zs/NPC/mTable4/03/PCU/Camera",
		type=CAMERA,
		template_name="",
		lt_grp=0,
		srt_grp=0,
		usr_flg=0,
		flags=HIDDEN,
		spatialprops={
			pos={
				2.680553,
				1.597564,
				3.283731
			},
			orient={
				{
					0.01823,
					0,
					-0.999834
				},
				{
					0.042613,
					0.999091,
					0.000777
				},
				{
					0.998925,
					-0.04262,
					0.018213
				}
			}
		},
		cameraprops={
			fovh=20,
			hvaspect=1.85,
			nearplane=0.3,
			farplane=4000
		}
	},
	{
		entity_name="Zs/NPC/mTable4/03/ACOL/Camera",
		type=CAMERA,
		template_name="",
		lt_grp=0,
		srt_grp=0,
		usr_flg=0,
		flags=HIDDEN,
		spatialprops={
			pos={
				1.506746,
				1.526984,
				4.317315
			},
			orient={
				{
					0.789183,
					0,
					0.614158
				},
				{
					0.149038,
					0.970109,
					-0.191511
				},
				{
					-0.5958,
					0.24267,
					0.765594
				}
			}
		},
		cameraprops={
			fovh=20,
			hvaspect=1.85,
			nearplane=0.3,
			farplane=4000
		}
	},
	{
		entity_name="Zs/NPC/mTable4/03/PC2/Camera",
		type=CAMERA,
		template_name="",
		lt_grp=0,
		srt_grp=0,
		usr_flg=0,
		flags=HIDDEN,
		spatialprops={
			pos={
				3.921458,
				1.562623,
				4.183798
			},
			orient={
				{
					0.621928,
					0,
					-0.783075
				},
				{
					-0.140632,
					0.983742,
					-0.111692
				},
				{
					0.770343,
					0.17959,
					0.611816
				}
			}
		},
		cameraprops={
			fovh=29.999998,
			hvaspect=1.85,
			nearplane=0.3,
			farplane=4000
		}
	},
	{
		entity_name="Zs/NPC/mTable4/04/P/Stand",
		type=MARKER,
		template_name="",
		lt_grp=0,
		srt_grp=0,
		usr_flg=0,
		spatialprops={
			pos={
				-0.360307,
				-0.0054,
				4.779
			},
			orient={
				{
					-0.981295,
					0,
					0.192512
				},
				{
					0,
					1,
					0
				},
				{
					-0.192512,
					0,
					-0.981295
				}
			}
		}
	},
	{
		entity_name="Zs/NPC/mTable4/04/P2/Stand",
		type=MARKER,
		template_name="",
		lt_grp=0,
		srt_grp=0,
		usr_flg=0,
		spatialprops={
			pos={
				-0.222039,
				0,
				5.27394
			},
			orient={
				{
					-0.981295,
					0,
					0.192512
				},
				{
					0,
					1,
					0
				},
				{
					-0.192512,
					0,
					-0.981295
				}
			}
		}
	}
	,
	{
		entity_name="Zs/NPC/mTable4/04/AC2/Camera",
		type=CAMERA,
		template_name="",
		lt_grp=0,
		srt_grp=0,
		usr_flg=0,
		flags=HIDDEN,
		spatialprops={
			pos={
				1.430178,
				1.657409,
				5.207057
			},
			orient={
				{
					-0.404478,
					0,
					-0.914548
				},
				{
					-0.164141,
					0.983762,
					0.07259500000000001
				},
				{
					0.899697,
					0.179478,
					-0.39791
				}
			}
		},
		cameraprops={
			fovh=29.999998,
			hvaspect=1.85,
			nearplane=0.3,
			farplane=4000
		}
	},
	{
		entity_name="Zs/NPC/mTable4/04/ACOH/Camera",
		type=CAMERA,
		template_name="",
		lt_grp=0,
		srt_grp=0,
		usr_flg=0,
		flags=HIDDEN,
		spatialprops={
			pos={
				0.243904,
				1.891569,
				4.832978
			},
			orient={
				{
					-0.874145,
					0,
					-0.485666
				},
				{
					-0.191987,
					0.918549,
					0.345556
				},
				{
					0.446107,
					0.395308,
					-0.802944
				}
			}
		},
		cameraprops={
			fovh=20,
			hvaspect=1.85,
			nearplane=0.3,
			farplane=4000
		}
	},
	{
		entity_name="Zs/NPC/mTable4/04/TCI/Camera",
		type=CAMERA,
		template_name="",
		lt_grp=0,
		srt_grp=0,
		usr_flg=0,
		flags=HIDDEN,
		spatialprops={
			pos={
				0.239205,
				1.776852,
				5.200275
			},
			orient={
				{
					-0.899345,
					0,
					-0.43724
				},
				{
					-0.273165,
					0.780826,
					0.561865
				},
				{
					0.341408,
					0.624749,
					-0.702232
				}
			}
		},
		cameraprops={
			fovh=14.999999,
			hvaspect=1.85,
			nearplane=0.3,
			farplane=4000
		}
	},
	{
		entity_name="Zs/NPC/mTable4/04/ACS/Camera",
		type=CAMERA,
		template_name="",
		lt_grp=0,
		srt_grp=0,
		usr_flg=0,
		flags=HIDDEN,
		spatialprops={
			pos={
				0.07163700000000001,
				1.42294,
				5.564828
			},
			orient={
				{
					-0.883578,
					0,
					-0.468283
				},
				{
					-0.093712,
					0.979772,
					0.17682
				},
				{
					0.458811,
					0.200119,
					-0.865705
				}
			}
		},
		cameraprops={
			fovh=20,
			hvaspect=1.85,
			nearplane=0.3,
			farplane=4000
		}
	},
	{
		entity_name="Zs/NPC/mTable4/04/PCS/Camera",
		type=CAMERA,
		template_name="",
		lt_grp=0,
		srt_grp=0,
		usr_flg=0,
		flags=HIDDEN,
		spatialprops={
			pos={
				-0.12033,
				1.550585,
				6.681952
			},
			orient={
				{
					0.9818210000000001,
					0,
					-0.189811
				},
				{
					0.00103,
					0.999985,
					0.00533
				},
				{
					0.189808,
					-0.005428,
					0.981806
				}
			}
		},
		cameraprops={
			fovh=20,
			hvaspect=1.85,
			nearplane=0.3,
			farplane=4000
		}
	},
	{
		entity_name="Zs/NPC/mTable4/04/ACU/Camera",
		type=CAMERA,
		template_name="",
		lt_grp=0,
		srt_grp=0,
		usr_flg=0,
		flags=HIDDEN,
		spatialprops={
			pos={
				-0.104043,
				1.375117,
				6.067225
			},
			orient={
				{
					-0.893701,
					0,
					-0.448662
				},
				{
					-0.07818799999999999,
					0.984698,
					0.155745
				},
				{
					0.441797,
					0.174269,
					-0.880026
				}
			}
		},
		cameraprops={
			fovh=20,
			hvaspect=1.85,
			nearplane=0.3,
			farplane=4000
		}
	},
	{
		entity_name="Zs/NPC/mTable4/04/PCO/Camera",
		type=CAMERA,
		template_name="",
		lt_grp=0,
		srt_grp=0,
		usr_flg=0,
		flags=HIDDEN,
		spatialprops={
			pos={
				-0.199705,
				1.183665,
				7.468395
			},
			orient={
				{
					0.984415,
					0,
					-0.175864
				},
				{
					0.01943,
					0.993878,
					0.10876
				},
				{
					0.174787,
					-0.110482,
					0.978388
				}
			}
		},
		cameraprops={
			fovh=20,
			hvaspect=1.85,
			nearplane=0.3,
			farplane=4000
		}
	},
	{
		entity_name="Zs/NPC/mTable4/04/WFC/Camera",
		type=CAMERA,
		template_name="",
		lt_grp=0,
		srt_grp=0,
		usr_flg=0,
		flags=HIDDEN,
		spatialprops={
			pos={
				2.661258,
				7.717161,
				8.383053
			},
			orient={
				{
					0.762364,
					-0.247093,
					-0.598118
				},
				{
					-0.401235,
					0.544681,
					-0.736433
				},
				{
					0.507751,
					0.801416,
					0.316102
				}
			}
		},
		cameraprops={
			fovh=29.999998,
			hvaspect=1.85,
			nearplane=0.3,
			farplane=4000
		}
	},
	{
		entity_name="Zs/NPC/mTable4/04/PCU/Camera",
		type=CAMERA,
		template_name="",
		lt_grp=0,
		srt_grp=0,
		usr_flg=0,
		flags=HIDDEN,
		spatialprops={
			pos={
				-0.115393,
				1.60096,
				6.307506
			},
			orient={
				{
					0.981818,
					0,
					-0.189824
				},
				{
					0.005169,
					0.999629,
					0.026737
				},
				{
					0.189754,
					-0.027232,
					0.9814540000000001
				}
			}
		},
		cameraprops={
			fovh=20,
			hvaspect=1.85,
			nearplane=0.3,
			farplane=4000
		}
	},
	{
		entity_name="Zs/NPC/mTable4/04/ACOL/Camera",
		type=CAMERA,
		template_name="",
		lt_grp=0,
		srt_grp=0,
		usr_flg=0,
		flags=HIDDEN,
		spatialprops={
			pos={
				0.606059,
				1.445419,
				4.823102
			},
			orient={
				{
					-0.795,
					0,
					-0.606609
				},
				{
					-0.121094,
					0.979872,
					0.158702
				},
				{
					0.594399,
					0.199625,
					-0.778999
				}
			}
		},
		cameraprops={
			fovh=20,
			hvaspect=1.85,
			nearplane=0.3,
			farplane=4000
		}
	},
	{
		entity_name="Zs/NPC/mTable4/04/PC2/Camera",
		type=CAMERA,
		template_name="",
		lt_grp=0,
		srt_grp=0,
		usr_flg=0,
		flags=HIDDEN,
		spatialprops={
			pos={
				1.571405,
				1.565119,
				7.411221
			},
			orient={
				{
					0.539281,
					0,
					-0.842126
				},
				{
					-0.165572,
					0.9804810000000001,
					-0.106029
				},
				{
					0.825689,
					0.196612,
					0.528755
				}
			}
		},
		cameraprops={
			fovh=29.999998,
			hvaspect=1.85,
			nearplane=0.3,
			farplane=4000
		}
	},
	{
		entity_name="Zs/NPC/mTable1/05/P/Stand",
		type=MARKER,
		template_name="",
		lt_grp=0,
		srt_grp=0,
		usr_flg=0,
		spatialprops={
			pos={
				-3.190875,
				-0.0054,
				5.202993
			},
			orient={
				{
					-0.731503,
					0,
					-0.6818380000000001
				},
				{
					0,
					1,
					0
				},
				{
					0.6818380000000001,
					0,
					-0.731503
				}
			}
		}
	},
	{
		entity_name="Zs/NPC/mTable1/05/P2/Stand",
		type=MARKER,
		template_name="",
		lt_grp=0,
		srt_grp=0,
		usr_flg=0,
		spatialprops={
			pos={
				-3.510628,
				0,
				5.605289
			},
			orient={
				{
					-0.731503,
					0,
					-0.6818380000000001
				},
				{
					0,
					1,
					0
				},
				{
					0.6818380000000001,
					0,
					-0.731503
				}
			}
		}
	},
	{
		entity_name="Zs/NPC/mTable1/05/AC2/Camera",
		type=CAMERA,
		template_name="",
		lt_grp=0,
		srt_grp=0,
		usr_flg=0,
		flags=HIDDEN,
		spatialprops={
			pos={
				-2.276403,
				1.545743,
				6.737925
			},
			orient={
				{
					0.360097,
					0,
					-0.9329150000000001
				},
				{
					-0.10697,
					0.993405,
					-0.041289
				},
				{
					0.926762,
					0.114662,
					0.357722
				}
			}
		},
		cameraprops={
			fovh=29.999998,
			hvaspect=1.85,
			nearplane=0.3,
			farplane=4000
		}
	},
	{
		entity_name="Zs/NPC/mTable1/05/ACOH/Camera",
		type=CAMERA,
		template_name="",
		lt_grp=0,
		srt_grp=0,
		usr_flg=0,
		flags=HIDDEN,
		spatialprops={
			pos={
				-2.921379,
				1.933804,
				5.563721
			},
			orient={
				{
					-0.359476,
					0,
					-0.933154
				},
				{
					-0.401426,
					0.902742,
					0.15464
				},
				{
					0.842398,
					0.430182,
					-0.324514
				}
			}
		},
		cameraprops={
			fovh=20,
			hvaspect=1.85,
			nearplane=0.3,
			farplane=4000
		}
	},
	{
		entity_name="Zs/NPC/mTable1/05/TCI/Camera",
		type=CAMERA,
		template_name="",
		lt_grp=0,
		srt_grp=0,
		usr_flg=0,
		flags=HIDDEN,
		spatialprops={
			pos={
				-3.407643,
				1.828638,
				5.848832
			},
			orient={
				{
					-0.434067,
					0,
					-0.900881
				},
				{
					-0.631274,
					0.713427,
					0.304164
				},
				{
					0.642712,
					0.70073,
					-0.309675
				}
			}
		},
		cameraprops={
			fovh=14.999999,
			hvaspect=1.85,
			nearplane=0.3,
			farplane=4000
		}
	},
	{
		entity_name="Zs/NPC/mTable1/05/ACS/Camera",
		type=CAMERA,
		template_name="",
		lt_grp=0,
		srt_grp=0,
		usr_flg=0,
		flags=HIDDEN,
		spatialprops={
			pos={
				-3.36198,
				1.414935,
				6.033888
			},
			orient={
				{
					-0.309659,
					0,
					-0.950848
				},
				{
					-0.1901,
					0.979811,
					0.061909
				},
				{
					0.931651,
					0.199927,
					-0.303407
				}
			}
		},
		cameraprops={
			fovh=20,
			hvaspect=1.85,
			nearplane=0.3,
			farplane=4000
		}
	},
	{
		entity_name="Zs/NPC/mTable1/05/PCS/Camera",
		type=CAMERA,
		template_name="",
		lt_grp=0,
		srt_grp=0,
		usr_flg=0,
		flags=HIDDEN,
		spatialprops={
			pos={
				-4.32313,
				1.475897,
				6.778935
			},
			orient={
				{
					0.883796,
					0,
					0.467872
				},
				{
					-0.026885,
					0.998348,
					0.050784
				},
				{
					-0.467099,
					-0.057462,
					0.882336
				}
			}
		},
		cameraprops={
			fovh=20,
			hvaspect=1.85,
			nearplane=0.3,
			farplane=4000
		}
	},
	{
		entity_name="Zs/NPC/mTable1/05/ACU/Camera",
		type=CAMERA,
		template_name="",
		lt_grp=0,
		srt_grp=0,
		usr_flg=0,
		flags=HIDDEN,
		spatialprops={
			pos={
				-3.786166,
				1.46607,
				6.275355
			},
			orient={
				{
					-0.318211,
					0,
					-0.94802
				},
				{
					-0.25785,
					0.962301,
					0.08655
				},
				{
					0.91228,
					0.271988,
					-0.306214
				}
			}
		},
		cameraprops={
			fovh=20,
			hvaspect=1.85,
			nearplane=0.3,
			farplane=4000
		}
	},
	{
		entity_name="Zs/NPC/mTable1/05/PCO/Camera",
		type=CAMERA,
		template_name="",
		lt_grp=0,
		srt_grp=0,
		usr_flg=0,
		flags=HIDDEN,
		spatialprops={
			pos={
				-4.767505,
				1.155566,
				7.223798
			},
			orient={
				{
					0.886725,
					0,
					0.462297
				},
				{
					-0.06683500000000001,
					0.989494,
					0.128195
				},
				{
					-0.45744,
					-0.144572,
					0.87741
				}
			}
		},
		cameraprops={
			fovh=20,
			hvaspect=1.85,
			nearplane=0.3,
			farplane=4000
		}
	},
	{
		entity_name="Zs/NPC/mTable1/05/WFC/Camera",
		type=CAMERA,
		template_name="",
		lt_grp=0,
		srt_grp=0,
		usr_flg=0,
		flags=HIDDEN,
		spatialprops={
			pos={
				-0.894853,
				5.073884,
				6.249257
			},
			orient={
				{
					0.038359,
					0,
					-0.999264
				},
				{
					-0.743488,
					0.66814,
					-0.028541
				},
				{
					0.6676490000000001,
					0.744035,
					0.02563
				}
			}
		},
		cameraprops={
			fovh=29.999998,
			hvaspect=1.85,
			nearplane=0.3,
			farplane=4000
		}
	},
	{
		entity_name="Zs/NPC/mTable1/05/PCU/Camera",
		type=CAMERA,
		template_name="",
		lt_grp=0,
		srt_grp=0,
		usr_flg=0,
		flags=HIDDEN,
		spatialprops={
			pos={
				-4.030484,
				1.600162,
				6.473218
			},
			orient={
				{
					0.901523,
					0,
					0.432731
				},
				{
					-0.013555,
					0.999509,
					0.028241
				},
				{
					-0.432519,
					-0.031325,
					0.901081
				}
			}
		},
		cameraprops={
			fovh=20,
			hvaspect=1.85,
			nearplane=0.3,
			farplane=4000
		}
	},
	{
		entity_name="Zs/NPC/mTable1/05/ACOL/Camera",
		type=CAMERA,
		template_name="",
		lt_grp=0,
		srt_grp=0,
		usr_flg=0,
		flags=HIDDEN,
		spatialprops={
			pos={
				-2.659445,
				1.492918,
				5.778048
			},
			orient={
				{
					-0.231826,
					0,
					-0.972757
				},
				{
					-0.221507,
					0.973729,
					0.052789
				},
				{
					0.947202,
					0.227711,
					-0.225735
				}
			}
		},
		cameraprops={
			fovh=20,
			hvaspect=1.85,
			nearplane=0.3,
			farplane=4000
		}
	},
	{
		entity_name="Zs/NPC/mTable1/05/PC2/Camera",
		type=CAMERA,
		template_name="",
		lt_grp=0,
		srt_grp=0,
		usr_flg=0,
		flags=HIDDEN,
		spatialprops={
			pos={
				-3.048986,
				1.572063,
				8.020942
			},
			orient={
				{
					0.863345,
					0,
					-0.504614
				},
				{
					-0.083798,
					0.986115,
					-0.14337
				},
				{
					0.497608,
					0.166063,
					0.851357
				}
			}
		},
		cameraprops={
			fovh=29.999998,
			hvaspect=1.85,
			nearplane=0.3,
			farplane=4000
		}
	},
	{
		entity_name="Zs/NPC/mTable2/01/P/Stand",
		type=MARKER,
		template_name="",
		lt_grp=0,
		srt_grp=0,
		usr_flg=0,
		spatialprops={
			pos={
				-3.722352,
				-0.0054,
				2.606781
			},
			orient={
				{
					-0.507506,
					0,
					-0.861648
				},
				{
					0,
					1,
					0
				},
				{
					0.861648,
					0,
					-0.507506
				}
			}
		}
	},
	{
		entity_name="Zs/NPC/mTable2/01/P2/Stand",
		type=MARKER,
		template_name="",
		lt_grp=0,
		srt_grp=0,
		usr_flg=0,
		spatialprops={
			pos={
				-4.143271,
				0,
				2.901587
			},
			orient={
				{
					-0.507506,
					0,
					-0.861648
				},
				{
					0,
					1,
					0
				},
				{
					0.861648,
					0,
					-0.507506
				}
			}
		}
	},
	{
		entity_name="Zs/NPC/mTable2/01/AC2/Camera",
		type=CAMERA,
		template_name="",
		lt_grp=0,
		srt_grp=0,
		usr_flg=0,
		flags=HIDDEN,
		spatialprops={
			pos={
				-3.826561,
				1.649856,
				4.225602
			},
			orient={
				{
					0.834233,
					0,
					-0.551412
				},
				{
					-0.088742,
					0.986965,
					-0.134258
				},
				{
					0.544225,
					0.160936,
					0.823359
				}
			}
		},
		cameraprops={
			fovh=29.999998,
			hvaspect=1.85,
			nearplane=0.3,
			farplane=4000
		}
	},
	{
		entity_name="Zs/NPC/mTable2/01/ACOH/Camera",
		type=CAMERA,
		template_name="",
		lt_grp=0,
		srt_grp=0,
		usr_flg=0,
		flags=HIDDEN,
		spatialprops={
			pos={
				-3.722327,
				1.877423,
				3.302363
			},
			orient={
				{
					0.445466,
					0,
					-0.895299
				},
				{
					-0.373977,
