duration=60.187

entities={
	
	{
		entity_name="Camera_Equip_Desk",
		type=CAMERA,
		template_name="",
		lt_grp=0,
		srt_grp=0,
		usr_flg=0,
		spatialprops={
			pos={
				3.607909,
				1.184168,
				23.260799
			},
			orient={
				{
					0.999167,
					0,
					0.040808
				},
				{
					-0.007825,
					0.981444,
					0.191588
				},
				{
					-0.040051,
					-0.191747,
					0.980627
				}
			}
		},
		cameraprops={
			fovh=30,
			hvaspect=1.777777,
			nearplane=0.3,
			farplane=4000
		}
	},
	{
		entity_name="LtShadowSource",
		type=LIGHT,
		template_name="",
		lt_grp=0,
		srt_grp=0,
		usr_flg=0,
		spatialprops={
			pos={
				0.441345,
				-1.622984,
				1.088021
			},
			orient={
				{
					0.060139,
					-0.154655,
					0.986136
				},
				{
					-0.985208,
					-0.168008,
					0.033734
				},
				{
					0.160462,
					-0.973579,
					-0.162471
				}
			}
		},
		lightprops={
			on=N,
			color={
				0,
				0,
				0
			},
			diffuse={
				0,
				0,
				0
			},
			specular={
				0,
				0,
				0
			},
			ambient={
				0,
				0,
				0
			},
			direction={
				0,
				0,
				1
			},
			range=2000,
			cutoff=90,
			type=L_DIRECT,
			theta=90,
			atten={
				1,
				0,
				4e-006
			}
		}
	},
	{
		entity_name="Zs/NPC/Equipment/01/A/Stand",
		type=MARKER,
		template_name="",
		lt_grp=0,
		srt_grp=0,
		usr_flg=0,
		spatialprops={
			pos={
				4.619488,
				0,
				17.743525
			},
			orient={
				{
					-0.254576,
					0,
					0.9670530000000001
				},
				{
					0,
					1,
					0
				},
				{
					-0.9670530000000001,
					0,
					-0.254576
				}
			}
		}
	},
	{
		entity_name="X/Shipcentre/01",
		type=MARKER,
		template_name="",
		lt_grp=0,
		srt_grp=0,
		usr_flg=0,
		spatialprops={
			pos={
				0.012363,
				0,
				0.010679
			},
			orient={
				{
					-0.726998,
					0,
					0.686639
				},
				{
					0,
					1,
					0
				},
				{
					-0.686639,
					0,
					-0.726998
				}
			}
		}
	},
	{
		entity_name="Layer_Pl_01_Pad_Hardpoint",
		type=SCENE,
		template_name="",
		lt_grp=0,
		srt_grp=0,
		usr_flg=0,
		spatialprops={
			pos={
				0,
				0,
				0
			},
			orient={
				{
					1,
					0,
					0
				},
				{
					0,
					1,
					0
				},
				{
					0,
					0,
					1
				}
			}
		},
		up=Y_AXIS,
		front=Z_AXIS,
		ambient={
			168,
			160,
			168
		}
	},
	{
		entity_name="Camera_0",
		type=CAMERA,
		template_name="",
		lt_grp=0,
		srt_grp=0,
		usr_flg=0,
		spatialprops={
			pos={
				22.674959,
				19.492249,
				77.15772200000001
			},
			orient={
				{
					0.965953,
					0,
					-0.258719
				},
				{
					-0.030932,
					0.992827,
					-0.115488
				},
				{
					0.256863,
					0.119559,
					0.959024
				}
			}
		},
		cameraprops={
			fovh=20,
			hvaspect=1.777777,
			nearplane=2,
			farplane=4000
		}
	},
	{
		entity_name="LtGlareSource",
		type=LIGHT,
		template_name="",
		lt_grp=0,
		srt_grp=0,
		usr_flg=0,
		spatialprops={
			pos={
				22.674959,
				29.492249,
				77.15772200000001
			},
			orient={
				{
					0.965953,
					0,
					-0.258719
				},
				{
					-0.030932,
					0.992827,
					-0.115488
				},
				{
					0.256863,
					0.119559,
					0.959024
				}
			}
		},
		lightprops={
			on=N,
			color={
				255,
				255,
				255
			},
			diffuse={
				0.164706,
				0.164706,
				0.164706
			},
			specular={
				0,
				0,
				0
			},
			ambient={
				0,
				0,
				0
			},
			direction={
				0,
				0,
				1
			},
			range=2000,
			cutoff=98.999977,
			type=L_POINT,
			theta=90,
			atten={
				1,
				0,
				4e-006
			}
		}
	},
	{
		entity_name="Zg/NPC/mFloor1/01/A/Stand",
		type=MARKER,
		template_name="",
		lt_grp=0,
		srt_grp=0,
		usr_flg=0,
		spatialprops={
			pos={
				13.99703,
				0,
				2.168009
			},
			orient={
				{
					-0.985436,
					0,
					-0.170046
				},
				{
					0,
					1,
					0
				},
				{
					0.170046,
					0,
					-0.985436
				}
			}
		}
	},
	{
		entity_name="Zs/NPC/Shipdealer/01/A/Stand",
		type=MARKER,
		template_name="",
		lt_grp=0,
		srt_grp=0,
		usr_flg=0,
		spatialprops={
			pos={
				-38.021843,
				0,
				20.390127
			},
			orient={
				{
					-0.542946,
					0,
					0.839767
				},
				{
					0,
					1,
					0
				},
				{
					-0.839767,
					0,
					-0.542946
				}
			}
		}
	},
	{
		entity_name="Zg/NPC/mFloor1/02/A/Stand",
		type=MARKER,
		template_name="",
		lt_grp=0,
		srt_grp=0,
		usr_flg=0,
		spatialprops={
			pos={
				-1.541239,
				0,
				5.401409
			},
			orient={
				{
					-0.353252,
					0,
					0.935528
				},
				{
					0,
					1,
					0
				},
				{
					-0.935528,
					0,
					-0.353252
				}
			}
		}
	},
	{
		entity_name="Player_Ship",
		type=MARKER,
		template_name="",
		lt_grp=3,
		srt_grp=0,
		usr_flg=0,
		spatialprops={
			pos={
				-37.001205,
				0,
				20.821447
			},
			orient={
				{
					0.340169,
					0,
					-0.940364
				},
				{
					0,
					1,
					0
				},
				{
					0.940364,
					0,
					0.340169
				}
			}
		}
	},
	{
		entity_name="Zs/NPC/mFloor1/01/P/Stand",
		type=MARKER,
		template_name="",
		lt_grp=0,
		srt_grp=0,
		usr_flg=0,
		spatialprops={
			pos={
				13.370122,
				0,
				3.875525
			},
			orient={
				{
					0.834797,
					0,
					0.550558
				},
				{
					0,
					1,
					0
				},
				{
					-0.550558,
					0,
					0.834797
				}
			}
		}
	},
	{
		entity_name="Zs/NPC/mFloor1/01/P2/Stand",
		type=MARKER,
		template_name="",
		lt_grp=0,
		srt_grp=0,
		usr_flg=0,
		spatialprops={
			pos={
				13.624376,
				0,
				3.431175
			},
			orient={
				{
					0.834797,
					0,
					0.550558
				},
				{
					0,
					1,
					0
				},
				{
					-0.550558,
					0,
					0.834797
				}
			}
		}
	},
	{
		entity_name="Zs/NPC/mFloor1/02/P/Stand",
		type=MARKER,
		template_name="",
		lt_grp=0,
		srt_grp=0,
		usr_flg=0,
		spatialprops={
			pos={
				0.07235800000000001,
				0,
				5.495321
			},
			orient={
				{
					0.099718,
					0,
					-0.995016
				},
				{
					0,
					1,
					0
				},
				{
					0.995016,
					0,
					0.099718
				}
			}
		}
	},
	{
		entity_name="Zs/NPC/mFloor1/02/P2/Stand",
		type=MARKER,
		template_name="",
		lt_grp=0,
		srt_grp=0,
		usr_flg=0,
		spatialprops={
			pos={
				-0.439243,
				0,
				5.476601
			},
			orient={
				{
					0.099718,
					0,
					-0.995016
				},
				{
					0,
					1,
					0
				},
				{
					0.995016,
					0,
					0.099718
				}
			}
		}
	},
	{
		entity_name="Zs/NPC/Trader/01/A/Stand",
		type=MARKER,
		template_name="",
		lt_grp=0,
		srt_grp=0,
		usr_flg=0,
		spatialprops={
			pos={
				17.946142,
				0,
				7.078575
			},
			orient={
				{
					-0.880174,
					0,
					-0.474651
				},
				{
					0,
					1,
					0
				},
				{
					0.474651,
					0,
					-0.880174
				}
			}
		}
	},
	{
		entity_name="Camera_Track_1",
		type=CAMERA,
		template_name="",
		lt_grp=0,
		srt_grp=0,
		usr_flg=0,
		spatialprops={
			pos={
				-0.021245,
				12.00001,
				18.895164
			},
			orient={
				{
					0.9749290000000001,
					0,
					0.222515
				},
				{
					0.026729,
					0.992759,
					-0.117109
				},
				{
					-0.220904,
					0.12012,
					0.96787
				}
			}
		},
		cameraprops={
			fovh=40,
			hvaspect=1.777777,
			nearplane=0.3,
			farplane=4000
		}
	},
	{
		entity_name="Camera_Track_2",
		type=CAMERA,
		template_name="",
		lt_grp=0,
		srt_grp=0,
		usr_flg=0,
		spatialprops={
			pos={
				17.609188,
				12,
				3.443492
			},
			orient={
				{
					-0.176141,
					0,
					-0.9843650000000001
				},
				{
					-0.202517,
					0.978608,
					0.036238
				},
				{
					0.963307,
					0.205734,
					-0.172373
				}
			}
		},
		cameraprops={
			fovh=40,
			hvaspect=1.777777,
			nearplane=0.3,
			farplane=4000
		}
	},
	{
		entity_name="Cart_li_flat02_Marker",
		type=MARKER,
		template_name="",
		lt_grp=0,
		srt_grp=0,
		usr_flg=0,
		spatialprops={
			pos={
				-2.020767,
				0.77,
				11.714928
			},
			orient={
				{
					-0.654543,
					0,
					0.756025
				},
				{
					0,
					1,
					0
				},
				{
					-0.756025,
					0,
					-0.654543
				}
			}
		}
	},
	{
		entity_name="Cart_li_Cart01_Marker",
		type=MARKER,
		template_name="",
		lt_grp=0,
		srt_grp=0,
		usr_flg=0,
		spatialprops={
			pos={
				-10.88754,
				0.58,
				4.973846
			},
			orient={
				{
					-0.750078,
					0,
					0.661349
				},
				{
					0,
					1,
					0
				},
				{
					-0.661349,
					0,
					-0.750078
				}
			}
		}
	},
	{
		entity_name="Zs/NPC/mFloor1/01/AC2/Camera",
		type=CAMERA,
		template_name="",
		lt_grp=0,
		srt_grp=0,
		usr_flg=0,
		spatialprops={
			pos={
				14.896554,
				1.690829,
				4.02795
			},
			orient={
				{
					0.700573,
					0,
					-0.713581
				},
				{
					-0.132767,
					0.9825390000000001,
					-0.130346
				},
				{
					0.701121,
					0.186057,
					0.68834
				}
			}
		},
		cameraprops={
			fovh=29.999996,
			hvaspect=1.85,
			nearplane=0.3,
			farplane=4000
		}
	},
	{
		entity_name="Zs/NPC/mFloor1/01/ACOH/Camera",
		type=CAMERA,
		template_name="",
		lt_grp=0,
		srt_grp=0,
		usr_flg=0,
		flags=HIDDEN,
		spatialprops={
			pos={
				13.877072,
				1.767698,
				3.903458
			},
			orient={
				{
					0.985582,
					0,
					-0.169196
				},
				{
					-0.03243,
					0.981459,
					-0.188907
				},
				{
					0.166059,
					0.19167,
					0.967309
				}
			}
		},
		cameraprops={
			fovh=25,
			hvaspect=1.85,
			nearplane=0.3,
			farplane=4000
		}
	},
	{
		entity_name="Zs/NPC/mFloor1/01/ACS/Camera",
		type=CAMERA,
		template_name="",
		lt_grp=0,
		srt_grp=0,
		usr_flg=0,
		flags=HIDDEN,
		spatialprops={
			pos={
				13.958025,
				1.635393,
				3.433171
			},
			orient={
				{
					0.988848,
					0,
					-0.148926
				},
				{
					-0.010144,
					0.997678,
					-0.06735099999999999
				},
				{
					0.14858,
					0.06811100000000001,
					0.986552
				}
			}
		},
		cameraprops={
			fovh=25,
			hvaspect=1.85,
			nearplane=0.3,
			farplane=4000
		}
	},
	{
		entity_name="Zs/NPC/mFloor1/01/ACU/Camera",
		type=CAMERA,
		template_name="",
		lt_grp=0,
		srt_grp=0,
		usr_flg=0,
		flags=HIDDEN,
		spatialprops={
			pos={
				14.003173,
				1.676433,
				3.002947
			},
			orient={
				{
					0.993733,
					0,
					-0.111781
				},
				{
					-0.003216,
					0.999586,
					-0.028585
				},
				{
					0.111735,
					0.028766,
					0.993322
				}
			}
		},
		cameraprops={
			fovh=25,
			hvaspect=1.85,
			nearplane=0.3,
			farplane=4000
		}
	},
	{
		entity_name="Zs/NPC/mFloor1/01/PC2/Camera",
		type=CAMERA,
		template_name="",
		lt_grp=0,
		srt_grp=0,
		usr_flg=0,
		flags=HIDDEN,
		spatialprops={
			pos={
				15.315464,
				1.731246,
				2.456543
			},
			orient={
				{
					-0.183923,
					0,
					-0.982941
				},
				{
					-0.205182,
					0.97797,
					0.038393
				},
				{
					0.961287,
					0.208743,
					-0.179871
				}
			}
		},
		cameraprops={
			fovh=29.999996,
			hvaspect=1.85,
			nearplane=0.3,
			farplane=4000
		}
	},
	{
		entity_name="Zs/NPC/mFloor1/01/PCO/Camera",
		type=CAMERA,
		template_name="",
		lt_grp=0,
		srt_grp=0,
		usr_flg=0,
		flags=HIDDEN,
		spatialprops={
			pos={
				14.4813,
				1.763487,
				1.909126
			},
			orient={
				{
					-0.736287,
					0,
					-0.67667
				},
				{
					-0.126851,
					0.982271,
					0.138027
				},
				{
					0.664673,
					0.187464,
					-0.723233
				}
			}
		},
		cameraprops={
			fovh=25,
			hvaspect=1.85,
			nearplane=0.3,
			farplane=4000
		}
	},
	{
		entity_name="Zs/NPC/mFloor1/01/PCS/Camera",
		type=CAMERA,
		template_name="",
		lt_grp=0,
		srt_grp=0,
		usr_flg=0,
		flags=HIDDEN,
		spatialprops={
			pos={
				14.275791,
				1.679143,
				2.402879
			},
			orient={
				{
					-0.7177480000000001,
					0,
					-0.696303
				},
				{
					-0.078262,
					0.993663,
					0.08067199999999999
				},
				{
					0.691891,
					0.112396,
					-0.7132
				}
			}
		},
		cameraprops={
			fovh=25,
			hvaspect=1.85,
			nearplane=0.3,
			farplane=4000
		}
	},
	{
		entity_name="Zs/NPC/mFloor1/01/PCU/Camera",
		type=CAMERA,
		template_name="",
		lt_grp=0,
		srt_grp=0,
		usr_flg=0,
		flags=HIDDEN,
		spatialprops={
			pos={
				14.066709,
				1.707833,
				2.774696
			},
			orient={
				{
					-0.755908,
					0,
					-0.654678
				},
				{
					-0.050774,
					0.996988,
					0.058625
				},
				{
					0.652706,
					0.077556,
					-0.7536310000000001
				}
			}
		},
		cameraprops={
			fovh=25,
			hvaspect=1.85,
			nearplane=0.3,
			farplane=4000
		}
	},
	{
		entity_name="Zs/NPC/mFloor1/01/WFC/Camera",
		type=CAMERA,
		template_name="",
		lt_grp=0,
		srt_grp=0,
		usr_flg=0,
		flags=HIDDEN,
		spatialprops={
			pos={
				23.426178,
				2.747655,
				4.35167
			},
			orient={
				{
					0.118933,
					0.055823,
					-0.991332
				},
				{
					-0.161739,
					0.9861720000000001,
					0.036128
				},
				{
					0.97964,
					0.156041,
					0.126317
				}
			}
		},
		cameraprops={
			fovh=29.999996,
			hvaspect=1.85,
			nearplane=0.3,
			farplane=4000
		}
	},
	{
		entity_name="Zs/NPC/mFloor1/02/AC2/Camera",
		type=CAMERA,
		template_name="",
		lt_grp=0,
		srt_grp=0,
		usr_flg=0,
		spatialprops={
			pos={
				-0.615144,
				1.682559,
				6.934104
			},
			orient={
				{
					0.975029,
					0,
					-0.222079
				},
				{
					-0.041295,
					0.98256,
					-0.181304
				},
				{
					0.218206,
					0.185948,
					0.958024
				}
			}
		},
		cameraprops={
			fovh=29.999996,
			hvaspect=1.85,
			nearplane=0.3,
			farplane=4000
		}
	},
	{
		entity_name="Zs/NPC/mFloor1/02/ACOH/Camera",
		type=CAMERA,
		template_name="",
		lt_grp=0,
		srt_grp=0,
		usr_flg=0,
		flags=HIDDEN,
		spatialprops={
			pos={
				-0.061876,
				1.763286,
				6.008272
			},
			orient={
				{
					0.579575,
					0,
					-0.814919
				},
				{
					-0.147649,
					0.9834500000000001,
					-0.105008
				},
				{
					0.801432,
					0.181182,
					0.569983
				}
			}
		},
		cameraprops={
			fovh=25,
			hvaspect=1.85,
			nearplane=0.3,
			farplane=4000
		}
	},
	{
		entity_name="Zs/NPC/mFloor1/02/ACS/Camera",
		type=CAMERA,
		template_name="",
		lt_grp=0,
		srt_grp=0,
		usr_flg=0,
		flags=HIDDEN,
		spatialprops={
			pos={
				-0.398547,
				1.68258,
				5.865797
			},
			orient={
				{
					0.538086,
					0,
					-0.84289
				},
				{
					-0.08124099999999999,
					0.995344,
					-0.051863
				},
				{
					0.838966,
					0.096384,
					0.535581
				}
			}
		},
		cameraprops={
			fovh=25,
			hvaspect=1.85,
			nearplane=0.3,
			farplane=4000
		}
	},
	{
		entity_name="Zs/NPC/mFloor1/02/ACU/Camera",
		type=CAMERA,
		template_name="",
		lt_grp=0,
		srt_grp=0,
		usr_flg=0,
		flags=HIDDEN,
		spatialprops={
			pos={
				-0.765792,
				1.711661,
				5.665886
			},
			orient={
				{
					0.42297,
					0,
					-0.906144
				},
				{
					-0.065414,
					0.997391,
					-0.030534
				},
				{
					0.90378,
					0.072189,
					0.421866
				}
			}
		},
		cameraprops={
			fovh=25,
			hvaspect=1.85,
			nearplane=0.3,
			farplane=4000
		}
	},
	{
		entity_name="Zs/NPC/mFloor1/02/PC2/Camera",
		type=CAMERA,
		template_name="",
		lt_grp=0,
		srt_grp=0,
		usr_flg=0,
		flags=HIDDEN,
		spatialprops={
			pos={
				-1.861954,
				1.724887,
				6.605252
			},
			orient={
				{
					0.816568,
					0,
					0.577249
				},
				{
					0.110803,
					0.981405,
					-0.15674
				},
				{
					-0.566515,
					0.19195,
					0.801384
				}
			}
		},
		cameraprops={
			fovh=29.999996,
			hvaspect=1.85,
			nearplane=0.3,
			farplane=4000
		}
	},
	{
		entity_name="Zs/NPC/mFloor1/02/PCO/Camera",
		type=CAMERA,
		template_name="",
		lt_grp=0,
		srt_grp=0,
		usr_flg=0,
		flags=HIDDEN,
		spatialprops={
			pos={
				-1.945238,
				1.7789,
				5.756328
			},
			orient={
				{
					0.38857,
					0,
					0.921419
				},
				{
					0.183592,
					0.979949,
					-0.07742200000000001
				},
				{
					-0.902944,
					0.199249,
					0.380779
				}
			}
		},
		cameraprops={
			fovh=25,
			hvaspect=1.85,
			nearplane=0.3,
			farplane=4000
		}
	},
	{
		entity_name="Zs/NPC/mFloor1/02/PCS/Camera",
		type=CAMERA,
		template_name="",
		lt_grp=0,
		srt_grp=0,
		usr_flg=0,
		flags=HIDDEN,
		spatialprops={
			pos={
				-1.630286,
				1.70081,
				5.702055
			},
			orient={
				{
					0.344917,
					0,
					0.9386330000000001
				},
				{
					0.120481,
					0.9917280000000001,
					-0.044273
				},
				{
					-0.930869,
					0.128358,
					0.342064
				}
			}
		},
		cameraprops={
			fovh=25,
			hvaspect=1.85,
			nearplane=0.3,
			farplane=4000
		}
	},
	{
		entity_name="Zs/NPC/mFloor1/02/PCU/Camera",
		type=CAMERA,
		template_name="",
		lt_grp=0,
		srt_grp=0,
		usr_flg=0,
		flags=HIDDEN,
		spatialprops={
			pos={
				-1.184948,
				1.693426,
				5.615955
			},
			orient={
				{
					0.295724,
					0,
					0.955273
				},
				{
					0.047601,
					0.998758,
					-0.014736
				},
				{
					-0.954087,
					0.04983,
					0.295357
				}
			}
		},
		cameraprops={
			fovh=25,
			hvaspect=1.85,
			nearplane=0.3,
			farplane=4000
		}
	},
	{
		entity_name="Zs/NPC/mFloor1/01/TCI/Camera",
		type=CAMERA,
		template_name="",
		lt_grp=0,
		srt_grp=0,
		usr_flg=0,
		flags=HIDDEN,
		spatialprops={
			pos={
				10.287056,
				1.903228,
				-3.443984
			},
			orient={
				{
					0.967549,
					0,
					-0.252685
				},
				{
					-0.155388,
					0.788569,
					-0.59499
				},
				{
					0.199259,
					0.614946,
					0.762979
				}
			}
		},
		cameraprops={
			fovh=14.999998,
			hvaspect=1.85,
			nearplane=0.3,
			farplane=4000
		}
	},
	{
		entity_name="Zs/NPC/mFloor1/02/TCI/Camera",
		type=CAMERA,
		template_name="",
		lt_grp=0,
		srt_grp=0,
		usr_flg=0,
		flags=HIDDEN,
		spatialprops={
			pos={
				-2.374736,
				1.903228,
				6.441897
			},
			orient={
				{
					0.8642220000000001,
					0,
					0.503111
				},
				{
					0.309386,
					0.788569,
					-0.53145
				},
				{
					-0.396738,
					0.614946,
					0.681499
				}
			}
		},
		cameraprops={
			fovh=14.999998,
			hvaspect=1.85,
			nearplane=0.3,
			farplane=4000
		}
	},
	{
		entity_name="Zs/NPC/mFloor1/02/WFC/Camera",
		type=CAMERA,
		template_name="",
		lt_grp=0,
		srt_grp=0,
		usr_flg=0,
		flags=HIDDEN,
		spatialprops={
			pos={
				-4.77931,
				3.745698,
				15.797909
			},
			orient={
				{
					0.910892,
					-0.056055,
					0.40882
				},
				{
					0.132433,
					0.978034,
					-0.160972
				},
				{
					-0.390816,
					0.200769,
					0.8983060000000001
				}
			}
		},
		cameraprops={
			fovh=29.999989,
			hvaspect=1.85,
			nearplane=0.3,
			farplane=4000
		}
	},
	{
		entity_name="Camera_Trader_Desk",
		type=CAMERA,
		template_name="",
		lt_grp=0,
		srt_grp=0,
		usr_flg=0,
		spatialprops={
			pos={
				23.010542,
				1.76165,
				10.628352
			},
			orient={
				{
					0.494143,
					0,
					-0.86938
				},
				{
					-0.016566,
					0.999818,
					-0.009416000000000001
				},
				{
					0.869223,
					0.019055,
					0.494054
				}
			}
		},
		cameraprops={
			fovh=30,
			hvaspect=1.777777,
			nearplane=0.3,
			farplane=4000
		}
	},
	{
		entity_name="Camera_Trader_Wide",
		type=CAMERA,
		template_name="",
		lt_grp=0,
		srt_grp=0,
		usr_flg=0,
		spatialprops={
			pos={
				37.32172,
				13.872211,
				14.487951
			},
			orient={
				{
					0.394555,
					0,
					-0.918872
				},
				{
					-0.192266,
					0.977864,
					-0.08255700000000001
				},
				{
					0.898532,
					0.209241,
					0.385821
				}
			}
		},
		cameraprops={
			fovh=35,
			hvaspect=1.777777,
			nearplane=0.3,
			farplane=4000
		}
	},
	{
		entity_name="Camera_Ship_Desk",
		type=CAMERA,
		template_name="",
		lt_grp=0,
		srt_grp=0,
		usr_flg=0,
		spatialprops={
			pos={
				-34.738663,
				2.537079,
				27.695782
			},
			orient={
				{
					0.786035,
					0,
					-0.618183
				},
				{
					0.020558,
					0.999447,
					0.02614
				},
				{
					0.617841,
					-0.033255,
					0.7856
				}
			}
		},
		cameraprops={
			fovh=30,
			hvaspect=1.777777,
			nearplane=0.3,
			farplane=4000
		}
	},
	{
		entity_name="Zs/NPC/mFloor1/03/ACU/Camera",
		type=CAMERA,
		template_name="",
		lt_grp=0,
		srt_grp=0,
		usr_flg=0,
		flags=HIDDEN,
		spatialprops={
			pos={
				-40.780598,
				1.676433,
				4.668468
			},
			orient={
				{
					0.964491,
					0,
					-0.264115
				},
				{
					-0.007598,
					0.999586,
					-0.027744
				},
				{
					0.264005,
					0.028766,
					0.964092
				}
			}
		},
		cameraprops={
			fovh=25,
			hvaspect=1.85,
			nearplane=0.3,
			farplane=4000
		}
	},
	{
		entity_name="Zs/NPC/mFloor1/03/AC2/Camera",
		type=CAMERA,
		template_name="",
		lt_grp=0,
		srt_grp=0,
		usr_flg=0,
		flags=HIDDEN,
		spatialprops={
			pos={
				-39.739449,
				1.690829,
				5.542981
			},
			orient={
				{
					0.581791,
					0,
					-0.813338
				},
				{
					-0.151328,
					0.9825390000000001,
					-0.108246
				},
				{
					0.799136,
					0.186057,
					0.571632
				}
			}
		},
		cameraprops={
			fovh=29.999996,
			hvaspect=1.85,
			nearplane=0.3,
			farplane=4000
		}
	},
	{
		entity_name="Zs/NPC/mFloor1/03/ACOH/Camera",
		type=CAMERA,
		template_name="",
		lt_grp=0,
		srt_grp=0,
		usr_flg=0,
		flags=HIDDEN,
		spatialprops={
			pos={
				-40.765919,
				1.767698,
				5.577647
			},
			orient={
				{
					0.94756,
					0,
					-0.319578
				},
				{
					-0.061253,
					0.981459,
					-0.181619
				},
				{
					0.313653,
					0.19167,
					0.929992
				}
			}
		},
		cameraprops={
			fovh=25,
			hvaspect=1.85,
			nearplane=0.3,
			farplane=4000
		}
	},
	{
		entity_name="Zs/NPC/mFloor1/03/ACS/Camera",
		type=CAMERA,
		template_name="",
		lt_grp=0,
		srt_grp=0,
		usr_flg=0,
		flags=HIDDEN,
		spatialprops={
			pos={
				-40.758667,
				1.635393,
				5.100498
			},
			orient={
				{
					0.953921,
					0,
					-0.300057
				},
				{
					-0.020437,
					0.997678,
					-0.064973
				},
				{
					0.29936,
					0.06811100000000001,
					0.9517060000000001
				}
			}
		},
		cameraprops={
			fovh=25,
			hvaspect=1.85,
			nearplane=0.3,
			farplane=4000
		}
	},
	{
		entity_name="Zs/NPC/mFloor1/03/P/Stand",
		type=MARKER,
		template_name="",
		lt_grp=0,
		srt_grp=0,
		usr_flg=0,
		spatialprops={
			pos={
				-41.271091,
				0,
				5.628448
			},
			orient={
				{
					0.909896,
					0,
					0.414836
				},
				{
					0,
					1,
					0
				},
				{
					-0.414836,
					0,
					0.909896
				}
			}
		}
	},
	{
		entity_name="Zs/NPC/mFloor1/03/P2/Stand",
		type=MARKER,
		template_name="",
		lt_grp=0,
		srt_grp=0,
		usr_flg=0,
		spatialprops={
			pos={
				-41.088612,
				0,
				5.150125
			},
			orient={
				{
					0.909896,
					0,
					0.414836
				},
				{
					0,
					1,
					0
				},
				{
					-0.414836,
					0,
					0.909896
				}
			}
		}
	},
	{
		entity_name="Zs/NPC/mFloor1/03/PC2/Camera",
		type=CAMERA,
		template_name="",
		lt_grp=0,
		srt_grp=0,
		usr_flg=0,
		flags=HIDDEN,
		spatialprops={
			pos={
				-39.568592,
				1.731246,
				3.925695
			},
			orient={
				{
					-0.333719,
					0,
					-0.942672
				},
				{
					-0.196777,
					0.97797,
					0.069662
				},
				{
					0.921906,
					0.208744,
					-0.326368
				}
			}
		},
		cameraprops={
			fovh=29.999996,
			hvaspect=1.85,
			nearplane=0.3,
			farplane=4000
		}
	},
	{
		entity_name="Zs/NPC/mFloor1/03/PCO/Camera",
		type=CAMERA,
		template_name="",
		lt_grp=0,
		srt_grp=0,
		usr_flg=0,
		flags=HIDDEN,
		spatialprops={
			pos={
				-40.477379,
				1.763487,
				3.513865
			},
			orient={
				{
					-0.832074,
					0,
					-0.5546640000000001
				},
				{
					-0.10398,
					0.982271,
					0.155984
				},
				{
					0.544831,
					0.187464,
					-0.817323
				}
			}
		},
		cameraprops={
			fovh=25,
			hvaspect=1.85,
			nearplane=0.3,
			farplane=4000
		}
	},
	{
		entity_name="Zs/NPC/mFloor1/03/PCS/Camera",
		type=CAMERA,
		template_name="",
		lt_grp=0,
		srt_grp=0,
		usr_flg=0,
		flags=HIDDEN,
		spatialprops={
			pos={
				-40.604057,
				1.679143,
				4.033459
			},
			orient={
				{
					-0.8167950000000001,
					0,
					-0.576929
				},
				{
					-0.064845,
					0.993663,
					0.091805
				},
				{
					0.573273,
					0.112396,
					-0.811619
				}
			}
		},
		cameraprops={
			fovh=25,
			hvaspect=1.85,
			nearplane=0.3,
			farplane=4000
		}
	},
	{
		entity_name="Zs/NPC/mFloor1/03/PCU/Camera",
		type=CAMERA,
		template_name="",
		lt_grp=0,
		srt_grp=0,
		usr_flg=0,
		flags=HIDDEN,
		spatialprops={
			pos={
				-40.753124,
				1.707833,
				4.433137
			},
			orient={
				{
					-0.848059,
					0,
					-0.529902
				},
				{
					-0.041097,
					0.996988,
					0.065772
				},
				{
					0.5283060000000001,
					0.077556,
					-0.845504
				}
			}
		},
		cameraprops={
			fovh=25,
			hvaspect=1.85,
			nearplane=0.3,
			farplane=4000
		}
	},
	{
		entity_name="Zs/NPC/mFloor1/03/TCI/Camera",
		type=CAMERA,
		template_name="",
		lt_grp=0,
		srt_grp=0,
		usr_flg=0,
		flags=HIDDEN,
		spatialprops={
			pos={
				-46.726444,
				1.903228,
				2.275982
			},
			orient={
				{
					-0.38925,
					0,
					-0.921132
				},
				{
					-0.566446,
					0.78857,
					0.239368
				},
				{
					0.7263770000000001,
					0.614946,
					-0.306951
				}
			}
		},
		cameraprops={
			fovh=14.999998,
			hvaspect=1.85,
			nearplane=0.3,
			farplane=4000
		}
	},
	{
		entity_name="Zs/NPC/mFloor1/03/WFC/Camera",
		type=CAMERA,
		template_name="",
		lt_grp=0,
		srt_grp=0,
		usr_flg=0,
		flags=HIDDEN,
		spatialprops={
			pos={
				-34.859562,
				0.155965,
				1.881587
			},
			orient={
				{
					-0.608988,
					-0.115473,
					-0.784729
				},
				{
					0.159704,
					0.951233,
					-0.263913
				},
				{
					0.776935,
					-0.286044,
					-0.560848
				}
			}
		},
		cameraprops={
			fovh=29.999996,
			hvaspect=1.85,
			nearplane=0.3,
			farplane=4000
		}
	},
	{
		entity_name="Camera_Ship_Wide",
		type=CAMERA,
		template_name="",
		lt_grp=0,
		srt_grp=0,
		usr_flg=0,
		spatialprops={
			pos={
				-35.172714,
				19.026072,
				43.338081
			},
			orient={
				{
					0.970959,
					0,
					-0.239245
				},
				{
					-0.083733,
					0.936754,
					-0.339825
				},
				{
					0.224113,
					0.349989,
					0.90955
				}
			}
		},
		cameraprops={
			fovh=35,
			hvaspect=1.777777,
			nearplane=0.3,
			farplane=4000
		}
	},
	{
		entity_name="X/Shipcentre/02",
		type=MARKER,
		template_name="",
		lt_grp=0,
		srt_grp=0,
		usr_flg=0,
		spatialprops={
			pos={
				-47.637302,
				0,
				12.737673
			},
			orient={
				{
					0.952981,
					0,
					0.30303
				},
				{
					0,
					1,
					0
				},
				{
					-0.30303,
					0,
					0.952981
				}
			}
		}
	},
	{
		entity_name="Prop_Ship02_L_Elite_Mkr",
		type=MARKER,
		template_name="",
		lt_grp=0,
		srt_grp=0,
		usr_flg=0,
		spatialprops={
			pos={
				-47.637302,
				0,
				12.737673
			},
			orient={
				{
					0.952981,
					0,
					0.30303
				},
				{
					0,
					1,
					0
				},
				{
					-0.30303,
					0,
					0.952981
				}
			}
		}
	},
	{
		entity_name="Zg/PC/Player/01/A/Stand",
		type=MARKER,
		template_name="",
		lt_grp=0,
		srt_grp=0,
		usr_flg=0,
		spatialprops={
			pos={
				-18.833303,
				0,
				-6.154572
			},
			orient={
				{
					-0.7366780000000001,
					0,
					0.676244
				},
				{
					0,
					1,
					0
				},
				{
					-0.676244,
					0,
					-0.7366780000000001
				}
			}
		}
	},
	{
		entity_name="Zg/NPC/mFloor1/03/A/Stand",
		type=MARKER,
		template_name="",
		lt_grp=0,
		srt_grp=0,
		usr_flg=0,
		spatialprops={
			pos={
				-40.915787,
				0,
				3.844524
			},
			orient={
				{
					-0.999878,
					0,
					-0.015605
				},
				{
					0,
					1,
					0
				},
				{
					0.015605,
					0,
					-0.999878
				}
			}
		}
	},
	{
		entity_name="Bin_artifacts_1_1",
		type=COMPOUND,
		template_name="StackGreen_Refgoods",
		lt_grp=0,
		srt_grp=0,
		usr_flg=0,
		flags=LIT_DYNAMIC,
		spatialprops={
			pos={
				20.907419,
				0.38,
				2.905418
			},
			orient={
				{
					-0.594015,
					0,
					0.804454
				},
				{
					0,
					1,
					0
				},
				{
					-0.804454,
					0,
					-0.594015
				}
			}
		},
		userprops={
			category="Equipment",
			Priority="Bin_1"
		}
	},
	{
		entity_name="Bin_machines_1_2",
		type=COMPOUND,
		template_name="Stackwhite_liquidgas",
		lt_grp=0,
		srt_grp=0,
		usr_flg=0,
		flags=LIT_DYNAMIC,
		spatialprops={
			pos={
				19.537794,
				0.38,
				5.20166
			},
			orient={
				{
					-0.594015,
					0,
					0.804454
				},
				{
					0,
					1,
					0
				},
				{
					-0.804454,
					0,
					-0.594015
				}
			}
		},
		userprops={
			category="Equipment",
			Priority="Bin_1"
		}
	},
	{
		entity_name="Set_pl_01_planetscape_1",
		type=COMPOUND,
		template_name="pl_01_planetscape",
		lt_grp=0,
		srt_grp=0,
		usr_flg=0,
		flags=LIT_DYNAMIC,
		spatialprops={
			pos={
				0,
				0,
				0
			},
			orient={
				{
					1,
					0,
					0
				},
				{
					0,
					1,
					0
				},
				{
					0,
					0,
					1
				}
			}
		},
		userprops={
			category="Room"
		}
	},
	{
		entity_name="Prop_PlayerShip_Mkr",
		type=MARKER,
		template_name="",
		lt_grp=0,
		srt_grp=0,
		usr_flg=0,
		spatialprops={
			pos={
				0.012363,
				0,
				0.010679
			},
			orient={
				{
					-0.726998,
					0,
					0.686639
				},
				{
					0,
					1,
					0
				},
				{
					-0.686639,
					0,
					-0.726998
				}
			}
		}
	}
	,
	{
		entity_name="Set_landingpad_pittsburgh_a",
		type=COMPOUND,
		template_name="landingpad_pittsburgh_a",
		lt_grp=0,
		srt_grp=0,
		usr_flg=0,
		flags=LIT_DYNAMIC,
		spatialprops={
			pos={
				-47.569141,
				0,
				13.403595
			},
			orient={
				{
					0.8028340000000001,
					0,
					-0.596202
				},
				{
					-0.596202,
					4.7e-005,
					-0.8028340000000001
				},
				{
					2.8e-005,
					1,
					3.8e-005
				}
			}
		},
		userprops={
			category="Prop"
		}
	},
	{
		entity_name="Cart_li_cart_01",
		type=COMPOUND,
		template_name="li_cart",
		lt_grp=0,
		srt_grp=0,
		usr_flg=0,
		flags=LIT_DYNAMIC,
		spatialprops={
			pos={
				-10.88754,
				0.58,
				4.973846
			},
			orient={
				{
					-0.750078,
					0,
					0.661349
				},
				{
					0,
					1,
					0
				},
				{
					-0.661349,
					0,
					-0.750078
				}
			}
		},
		userprops={
			category="Equipment Cart",
			Priority="Equip_2"
		}
	},
	{
		entity_name="Cart_li_flat_02",
		type=COMPOUND,
		template_name="li_flat",
		lt_grp=0,
		srt_grp=0,
		usr_flg=0,
		flags=LIT_DYNAMIC,
		spatialprops={
			pos={
				-2.020767,
				0.77,
				11.714928
			},
			orient={
				{
					-0.654543,
					0,
					0.756025
				},
				{
					0,
					1,
					0
				},
				{
					-0.756025,
					0,
					-0.654543
				}
			}
		},
		userprops={
			category="Equipment Cart",
			Priority="Equip_2"
		}
	},
	{
		entity_name="rtcprop_hardware_li_free_flow_ion_drive_5",
		type=COMPOUND,
		template_name="rtcprop_hardware_li_free_flow_ion_drive",
		lt_grp=3,
		srt_grp=0,
		usr_flg=0,
		flags=LIT_DYNAMIC,
		spatialprops={
			pos={
				-10.970607,
				1.554153,
				4.791596
			},
			orient={
				{
					0.7400060000000001,
					0,
					0.6726
				},
				{
					0,
					1,
					0
				},
				{
					-0.6726,
					0,
					0.7400060000000001
				}
			}
		},
		userprops={
			category="Equipment",
			Priority="Equip_1"
		}
	},
	{
		entity_name="rtcprop_hardware_li_fusion_reactor_6",
		type=COMPOUND,
		template_name="rtcprop_hardware_li_fusion_reactor",
		lt_grp=3,
		srt_grp=0,
		usr_flg=0,
		flags=LIT_DYNAMIC,
		spatialprops={
			pos={
				-4.758768,
				1.914411,
				9.223675
			},
			orient={
				{
					0.782561,
					0,
					0.622574
				},
				{
					0,
					1,
					0
				},
				{
					-0.622574,
					0,
					0.782561
				}
			}
		},
		userprops={
			category="Equipment",
			Priority="Equip_1"
		}
	},
	{
		entity_name="rtcprop_hardware_li_policing_armor_7",
		type=COMPOUND,
		template_name="rtcprop_hardware_li_policing_armor",
		lt_grp=3,
		srt_grp=0,
		usr_flg=0,
		flags=LIT_DYNAMIC,
		spatialprops={
			pos={
				-8.548048,
				1.914706,
				7.506566
			},
			orient={
				{
					1,
					0,
					0
				},
				{
					0,
					1,
					0
				},
				{
					0,
					0,
					1
				}
			}
		},
		userprops={
			category="Equipment",
			Priority="Equip_1"
		}
	},
	{
		entity_name="rtcprop_weapons_li_heavy_ion_blaster_9",
		type=COMPOUND,
		template_name="rtcprop_weapons_li_heavy_ion_blaster",
		lt_grp=3,
		srt_grp=0,
		usr_flg=0,
		flags=LIT_DYNAMIC,
		spatialprops={
			pos={
				-0.106602,
				1.186955,
				14.683601
			},
			orient={
				{
					0.769089,
					0,
					0.639141
				},
				{
					0,
					1,
					0
				},
				{
					-0.639141,
					0,
					0.769089
				}
			}
		},
		userprops={
			category="Equipment",
			Priority="Equip_1"
		}
	},
	{
		entity_name="rtcprop_weapons_li_laser_beam_10",
		type=COMPOUND,
		template_name="rtcprop_weapons_li_laser_beam",
		lt_grp=3,
		srt_grp=0,
		usr_flg=0,
		flags=LIT_DYNAMIC,
		spatialprops={
			pos={
				-2.13877,
				1.185267,
				12.820236
			},
			orient={
				{
					0.788775,
					0,
					0.614682
				},
				{
					0,
					1,
					0
				},
				{
					-0.614682,
					0,
					0.788775
				}
			}
		},
		userprops={
			category="Equipment",
			Priority="Equip_1"
		}
	},
	{
		entity_name="rtcprop_weapons_li_plasma_blaster_11",
		type=COMPOUND,
		template_name="rtcprop_weapons_li_plasma_blaster",
		lt_grp=3,
		srt_grp=0,
		usr_flg=0,
		flags=LIT_DYNAMIC,
		spatialprops={
			pos={
				-2.88695,
				1.18324,
				11.86699
			},
			orient={
				{
					0.799943,
					0,
					0.6000760000000001
				},
				{
					0,
					1,
					0
				},
				{
					-0.6000760000000001,
					0,
					0.799943
				}
			}
		},
		userprops={
			category="Equipment",
			Priority="Equip_1"
		}
	},
	{
		entity_name="rtcprop_weapons_li_rad_launcher_12",
		type=COMPOUND,
		template_name="rtcprop_weapons_li_rad_launcher",
		lt_grp=3,
		srt_grp=0,
		usr_flg=0,
		flags=LIT_DYNAMIC,
		spatialprops={
			pos={
				-13.463731,
				0.816501,
				2.852528
			},
			orient={
				{
					0.740385,
					0,
					0.672184
				},
				{
					0,
					1,
					0
				},
				{
					-0.672184,
					0,
					0.740385
				}
			}
		},
		userprops={
			category="Equipment",
			Priority="Equip_1"
		}
	},
	{
		entity_name="X/Marker_Weather",
		type=MARKER,
		template_name="",
		lt_grp=0,
		srt_grp=0,
		usr_flg=0,
		spatialprops={
			pos={
				22.674959,
				19.492249,
				77.15772200000001
			},
			orient={
				{
					0.965953,
					0,
					-0.258719
				},
				{
					-0.030932,
					0.992827,
					-0.115488
				},
				{
					0.256863,
					0.119559,
					0.959024
				}
			}
		}
	},
	{
		entity_name="Set_pl_01_bar_facade_1",
		type=COMPOUND,
		template_name="pl_01_bar_facade",
		lt_grp=0,
		srt_grp=0,
		usr_flg=0,
		flags=LIT_DYNAMIC + LIT_AMBIENT,
		spatialprops={
			pos={
				92.803398,
				18.815758,
				35.802158
			},
			orient={
				{
					-0.398749,
					0,
					0.91706
				},
				{
					0,
					1,
					0
				},
				{
					-0.91706,
					0,
					-0.398749
				}
			}
		},
		userprops={
			category="Prop"
		}
	},
	{
		entity_name="Zs/NPC/Trader/01/AC2/Camera",
		type=CAMERA,
		template_name="",
		lt_grp=0,
		srt_grp=0,
		usr_flg=0,
		flags=HIDDEN,
		spatialprops={
			pos={
				18.43969,
				1.677214,
				8.972486
			},
			orient={
				{
					0.823183,
					0,
					-0.567776
				},
				{
					-0.09596,
					0.985614,
					-0.139126
				},
				{
					0.559608,
					0.169009,
					0.811341
				}
			}
		},
		cameraprops={
			fovh=29.999996,
			hvaspect=1.85,
			nearplane=0.3,
			farplane=4000
		}
	},
	{
		entity_name="Zs/NPC/Shipdealer/01/AC2/Camera",
		type=CAMERA,
		template_name="",
		lt_grp=0,
		srt_grp=0,
		usr_flg=0,
		flags=HIDDEN,
		spatialprops={
			pos={
				-37.440502,
				1.682559,
				22.083897
			},
			orient={
				{
					0.999585,
					0,
					-0.028809
				},
				{
					-0.005357,
					0.982558,
					-0.185878
				},
				{
					0.028307,
					0.185955,
					0.98215
				}
			}
		},
		cameraprops={
			fovh=29.999996,
			hvaspect=1.85,
			nearplane=0.3,
			farplane=4000
		}
	},
	{
		entity_name="Zs/NPC/Equipment/01/AC2/Camera",
		type=CAMERA,
		template_name="",
		lt_grp=0,
		srt_grp=0,
		usr_flg=0,
		flags=HIDDEN,
		spatialprops={
			pos={
				5.699172,
				1.682559,
				19.17219
			},
			orient={
				{
					0.940958,
					0,
					-0.338522
				},
				{
					-0.06295000000000001,
					0.982558,
					-0.174976
				},
				{
					0.332618,
					0.185955,
					0.924547
				}
			}
		},
		cameraprops={
			fovh=29.999996,
			hvaspect=1.85,
			nearplane=0.3,
			farplane=4000
		}
	},
	{
		entity_name="Zs/NPC/Trader/01/ACOH/Camera",
		type=CAMERA,
		template_name="",
		lt_grp=0,
		srt_grp=0,
		usr_flg=0,
		flags=HIDDEN,
		spatialprops={
			pos={
				17.21344,
				1.746935,
				8.673253000000001
			},
			orient={
				{
					0.981335,
					0,
					0.192304
				},
				{
					0.034399,
					0.9838710000000001,
					-0.175542
				},
				{
					-0.189202,
					0.178881,
					0.965507
				}
			}
		},
		cameraprops={
			fovh=25,
			hvaspect=1.85,
			nearplane=0.3,
			farplane=4000
		}
	},
	{
		entity_name="Zs/NPC/Shipdealer/01/ACOH/Camera",
		type=CAMERA,
		template_name="",
		lt_grp=0,
		srt_grp=0,
		usr_flg=0,
		flags=HIDDEN,
		spatialprops={
			pos={
				-36.71244,
				1.747494,
				21.307417
			},
			orient={
				{
					0.738676,
					0,
					-0.674061
				},
				{
					-0.122128,
					0.9834500000000001,
					-0.133834
				},
				{
					0.662905,
					0.181182,
					0.72645
				}
			}
		},
		cameraprops={
			fovh=25,
			hvaspect=1.85,
			nearplane=0.3,
			farplane=4000
		}
	},
	{
		entity_name="Zs/NPC/Equipment/01/ACOH/Camera",
		type=CAMERA,
		template_name="",
		lt_grp=0,
		srt_grp=0,
		usr_flg=0,
		flags=HIDDEN,
		spatialprops={
			pos={
				6.149366,
				1.747494,
				18.207661
			},
			orient={
				{
					0.492161,
					0,
					-0.8705039999999999
				},
				{
					-0.157719,
					0.9834500000000001,
					-0.08917
				},
				{
					0.856097,
					0.181182,
					0.484016
				}
			}
		},
		cameraprops={
			fovh=25,
			hvaspect=1.85,
			nearplane=0.3,
			farplane=4000
		}
	},
	{
		entity_name="Zs/NPC/Trader/01/ACS/Camera",
		type=CAMERA,
		template_name="",
		lt_grp=0,
		srt_grp=0,
		usr_flg=0,
		flags=HIDDEN,
		spatialprops={
			pos={
				17.565208,
				1.594347,
				8.270047
			},
			orient={
				{
					0.990912,
					0,
					0.134512
				},
				{
					0.004473,
					0.999447,
					-0.032951
				},
				{
					-0.134437,
					0.033253,
					0.990364
				}
			}
		},
		cameraprops={
			fovh=25,
			hvaspect=1.85,
			nearplane=0.3,
			farplane=4000
		}
	},
	{
		entity_name="Zs/NPC/Shipdealer/01/ACS/Camera",
		type=CAMERA,
		template_name="",
		lt_grp=0,
		srt_grp=0,
		usr_flg=0,
		flags=HIDDEN,
		spatialprops={
			pos={
				-37.052879,
				1.670566,
				21.038212
			},
			orient={
				{
					0.691477,
					0,
					-0.722398
				},
				{
					-0.066493,
					0.995755,
					-0.063647
				},
				{
					0.719332,
					0.092045,
					0.688542
				}
			}
		},
		cameraprops={
			fovh=25,
			hvaspect=1.85,
			nearplane=0.3,
			farplane=4000
		}
	},
	{
		entity_name="Zs/NPC/Equipment/01/ACS/Camera",
		type=CAMERA,
		template_name="",
		lt_grp=0,
		srt_grp=0,
		usr_flg=0,
		flags=HIDDEN,
		spatialprops={
			pos={
				5.742045,
				1.670566,
				18.057798
			},
			orient={
				{
					0.432262,
					0,
					-0.901748
				},
				{
					-0.08300100000000001,
					0.995755,
					-0.039788
				},
				{
					0.8979200000000001,
					0.092045,
					0.430427
				}
			}
		},
		cameraprops={
			fovh=25,
			hvaspect=1.85,
			nearplane=0.3,
			farplane=4000
		}
	},
	{
		entity_name="Zs/NPC/Trader/01/P/Stand",
		type=MARKER,
		template_name="",
		lt_grp=0,
		srt_grp=0,
		usr_flg=0,
		spatialprops={
			pos={
				16.825012,
				-0.0054,
				8.520350000000001
			},
			orient={
				{
					0.6369550000000001,
					0,
					0.770901
				},
				{
					0,
					1,
					0
				},
				{
					-0.770901,
					0,
					0.6369550000000001
				}
			}
		}
	},
	{
		entity_name="Zs/NPC/Shipdealer/01/P/Stand",
		type=MARKER,
		template_name="",
		lt_grp=0,
		srt_grp=0,
		usr_flg=0,
		flags=HIDDEN,
		spatialprops={
			pos={
				-36.462524,
				-0.0054,
				20.82472
			},
			orient={
				{
					0.307705,
					0,
					-0.9514820000000001
				},
				{
					0,
					1,
					0
				},
				{
					0.9514820000000001,
					0,
					0.307705
				}
			}
		}
	},
	{
		entity_name="Zs/NPC/Equipment/01/P/Stand",
		type=MARKER,
		template_name="",
		lt_grp=0,
		srt_grp=0,
		usr_flg=0,
		spatialprops={
			pos={
				6.23662,
				-0.0054,
				17.67115
			},
			orient={
				{
					-0.003752,
					0,
					-0.999993
				},
				{
					0,
					1,
					0
