duration=10000

entities={
	
	{
		entity_name="Camera_Equip_Desk",
		type=CAMERA,
		template_name="",
		lt_grp=0,
		srt_grp=0,
		usr_flg=0,
		flags=HIDDEN,
		spatialprops={
			pos={
				-68.07759900000001,
				1.589948,
				-59.342335
			},
			orient={
				{
					-0.870565,
					0,
					0.492054
				},
				{
					-0.010381,
					0.999777,
					-0.018366
				},
				{
					-0.491944,
					-0.021097,
					-0.870371
				}
			}
		},
		cameraprops={
			fovh=30,
			hvaspect=1.777777,
			nearplane=1,
			farplane=20000
		}
	},
	{
		entity_name="Zs/NPC/Equipment/01/A/Stand",
		type=MARKER,
		template_name="",
		lt_grp=0,
		srt_grp=0,
		usr_flg=0,
		spatialprops={
			pos={
				-65.286469,
				0,
				-55.565304
			},
			orient={
				{
					0.282551,
					0,
					-0.959252
				},
				{
					0,
					1,
					0
				},
				{
					0.959252,
					0,
					0.282551
				}
			}
		}
	},
	{
		entity_name="Player_Equip",
		type=MARKER,
		template_name="",
		lt_grp=0,
		srt_grp=0,
		usr_flg=0,
		spatialprops={
			pos={
				-66.391006,
				0,
				-55.558163
			},
			orient={
				{
					-0.025288,
					0,
					0.99968
				},
				{
					0,
					1,
					0
				},
				{
					-0.99968,
					0,
					-0.025288
				}
			}
		}
	},
	{
		entity_name="Layer_Pl_11_Pad_Hardpoint",
		type=SCENE,
		template_name="",
		lt_grp=0,
		srt_grp=0,
		usr_flg=0,
		spatialprops={
			pos={
				0,
				0,
				0
			},
			orient={
				{
					1,
					0,
					0
				},
				{
					0,
					1,
					0
				},
				{
					0,
					0,
					1
				}
			}
		},
		up=Y_AXIS,
		front=Z_AXIS,
		ambient={
			0,
			0,
			0
		}
	},
	{
		entity_name="LtGlareSource",
		type=LIGHT,
		template_name="",
		lt_grp=0,
		srt_grp=0,
		usr_flg=0,
		spatialprops={
			pos={
				-103.843552,
				71.50451700000001,
				-200.612305
			},
			orient={
				{
					0.047754,
					0,
					-0.9988590000000001
				},
				{
					-0.206509,
					0.978395,
					-0.009873
				},
				{
					0.977279,
					0.206744,
					0.046722
				}
			}
		},
		lightprops={
			on=N,
			color={
				255,
				255,
				255
			},
			diffuse={
				0.164706,
				0.164706,
				0.164706
			},
			specular={
				0,
				0,
				0
			},
			ambient={
				0,
				0,
				0
			},
			direction={
				0,
				0,
				1
			},
			range=2000,
			cutoff=98.999977,
			type=L_POINT,
			theta=90,
			atten={
				1,
				0,
				4e-006
			}
		}
	},
	{
		entity_name="Zg/NPC/mFloor1/01/A/Stand",
		type=MARKER,
		template_name="",
		lt_grp=0,
		srt_grp=0,
		usr_flg=0,
		spatialprops={
			pos={
				-57.116432,
				0,
				-49.840874
			},
			orient={
				{
					-0.497973,
					0,
					-0.867193
				},
				{
					0,
					1,
					0
				},
				{
					0.867193,
					0,
					-0.497973
				}
			}
		}
	},
	{
		entity_name="Zs/NPC/Shipdealer/01/A/Stand",
		type=MARKER,
		template_name="",
		lt_grp=0,
		srt_grp=0,
		usr_flg=0,
		spatialprops={
			pos={
				-57.031551,
				0,
				-66.44979100000001
			},
			orient={
				{
					0.193564,
					0,
					-0.981088
				},
				{
					0,
					1,
					0
				},
				{
					0.981088,
					0,
					0.193564
				}
			}
		}
	},
	{
		entity_name="Zg/NPC/mFloor1/02/A/Stand",
		type=MARKER,
		template_name="",
		lt_grp=0,
		srt_grp=0,
		usr_flg=0,
		spatialprops={
			pos={
				-49.91922,
				0,
				-14.915361
			},
			orient={
				{
					-0.159738,
					0,
					-0.987159
				},
				{
					0,
					1,
					0
				},
				{
					0.987159,
					0,
					-0.159738
				}
			}
		}
	},
	{
		entity_name="Player_Ship",
		type=MARKER,
		template_name="",
		lt_grp=0,
		srt_grp=0,
		usr_flg=0,
		spatialprops={
			pos={
				-58.130798,
				0,
				-66.341576
			},
			orient={
				{
					0.066319,
					0,
					0.997798
				},
				{
					0,
					1,
					0
				},
				{
					-0.997798,
					0,
					0.066319
				}
			}
		}
	},
	{
		entity_name="Zs/NPC/mFloor1/01/P/Stand",
		type=MARKER,
		template_name="",
		lt_grp=0,
		srt_grp=0,
		usr_flg=0,
		spatialprops={
			pos={
				-58.214188,
				0,
				-48.654514
			},
			orient={
				{
					0.704999,
					0,
					0.709209
				},
				{
					0,
					1,
					0
				},
				{
					-0.709209,
					0,
					0.704999
				}
			}
		}
	},
	{
		entity_name="Zs/NPC/mFloor1/01/P2/Stand",
		type=MARKER,
		template_name="",
		lt_grp=0,
		srt_grp=0,
		usr_flg=0,
		spatialprops={
			pos={
				-57.874676,
				0,
				-49.037682
			},
			orient={
				{
					0.704999,
					0,
					0.709209
				},
				{
					0,
					1,
					0
				},
				{
					-0.709209,
					0,
					0.704999
				}
			}
		}
	},
	{
		entity_name="Zs/NPC/mFloor1/02/P/Stand",
		type=MARKER,
		template_name="",
		lt_grp=0,
		srt_grp=0,
		usr_flg=0,
		spatialprops={
			pos={
				-51.365131,
				0,
				-14.192967
			},
			orient={
				{
					0.409209,
					0,
					0.912441
				},
				{
					0,
					1,
					0
				},
				{
					-0.912441,
					0,
					0.409209
				}
			}
		}
	},
	{
		entity_name="Zs/NPC/mFloor1/02/P2/Stand",
		type=MARKER,
		template_name="",
		lt_grp=0,
		srt_grp=0,
		usr_flg=0,
		spatialprops={
			pos={
				-50.912201,
				0,
				-14.431593
			},
			orient={
				{
					0.409209,
					0,
					0.912441
				},
				{
					0,
					1,
					0
				},
				{
					-0.912441,
					0,
					0.409209
				}
			}
		}
	},
	{
		entity_name="Zs/NPC/Trader/01/A/Stand",
		type=MARKER,
		template_name="",
		lt_grp=0,
		srt_grp=0,
		usr_flg=0,
		spatialprops={
			pos={
				-59.081337,
				0,
				-24.930923
			},
			orient={
				{
					0.893684,
					0,
					-0.448696
				},
				{
					0,
					1,
					0
				},
				{
					0.448696,
					0,
					0.893684
				}
			}
		}
	},
	{
		entity_name="Camera_Track_1",
		type=CAMERA,
		template_name="",
		lt_grp=0,
		srt_grp=0,
		usr_flg=0,
		flags=HIDDEN,
		spatialprops={
			pos={
				-68.906487,
				23,
				-61.818623
			},
			orient={
				{
					-0.982214,
					0,
					-0.187767
				},
				{
					-0.07106899999999999,
					0.925604,
					0.371762
				},
				{
					0.173797,
					0.378494,
					-0.909141
				}
			}
		},
		cameraprops={
			fovh=40,
			hvaspect=1.777777,
			nearplane=10,
			farplane=20000
		}
	},
	{
		entity_name="Camera_Track_2",
		type=CAMERA,
		template_name="",
		lt_grp=0,
		srt_grp=0,
		usr_flg=0,
		flags=HIDDEN,
		spatialprops={
			pos={
				-102.844925,
				23,
				-42.69495
			},
			orient={
				{
					-0.121768,
					0,
					0.992559
				},
				{
					0.319747,
					0.946691,
					0.039227
				},
				{
					-0.939646,
					0.322144,
					-0.115277
				}
			}
		},
		cameraprops={
			fovh=40,
			hvaspect=1.777777,
			nearplane=10,
			farplane=20000
		}
	},
	{
		entity_name="Zs/NPC/mFloor1/01/AC2/Camera",
		type=CAMERA,
		template_name="",
		lt_grp=0,
		srt_grp=0,
		usr_flg=0,
		flags=HIDDEN,
		spatialprops={
			pos={
				-58.832325,
				1.478703,
				-50.199665
			},
			orient={
				{
					-0.459681,
					0,
					0.888084
				},
				{
					0.007227,
					0.9999670000000001,
					0.003741
				},
				{
					-0.888054,
					0.008137999999999999,
					-0.459666
				}
			}
		},
		cameraprops={
			fovh=29.999996,
			hvaspect=1.85,
			nearplane=0.5,
			farplane=25000
		}
	},
	{
		entity_name="Zs/NPC/mFloor1/01/ACOH/Camera",
		type=CAMERA,
		template_name="",
		lt_grp=0,
		srt_grp=0,
		usr_flg=0,
		flags=HIDDEN,
		spatialprops={
			pos={
				-58.555832,
				1.683988,
				-49.1796
			},
			orient={
				{
					0.252546,
					0,
					0.967585
				},
				{
					0.121075,
					0.99214,
					-0.031601
				},
				{
					-0.9599800000000001,
					0.125131,
					0.250561
				}
			}
		},
		cameraprops={
			fovh=25,
			hvaspect=1.85,
			nearplane=0.3,
			farplane=20000
		}
	},
	{
		entity_name="Zs/NPC/mFloor1/01/ACS/Camera",
		type=CAMERA,
		template_name="",
		lt_grp=0,
		srt_grp=0,
		usr_flg=0,
		flags=HIDDEN,
		spatialprops={
			pos={
				-58.209953,
				1.62014,
				-49.261318
			},
			orient={
				{
					0.346169,
					0,
					0.938172
				},
				{
					0.057736,
					0.998105,
					-0.021303
				},
				{
					-0.936394,
					0.061541,
					0.345513
				}
			}
		},
		cameraprops={
			fovh=25,
			hvaspect=1.85,
			nearplane=0.3,
			farplane=20000
		}
	},
	{
		entity_name="Zs/NPC/mFloor1/01/ACU/Camera",
		type=CAMERA,
		template_name="",
		lt_grp=0,
		srt_grp=0,
		usr_flg=0,
		flags=HIDDEN,
		spatialprops={
			pos={
				-57.821777,
				1.630328,
				-49.429092
			},
			orient={
				{
					0.427158,
					0,
					0.904177
				},
				{
					-0.005693,
					0.99998,
					0.002689
				},
				{
					-0.9041590000000001,
					-0.006296,
					0.42715
				}
			}
		},
		cameraprops={
			fovh=25,
			hvaspect=1.85,
			nearplane=0.3,
			farplane=20000
		}
	},
	{
		entity_name="Zs/NPC/mFloor1/01/PC2/Camera",
		type=CAMERA,
		template_name="",
		lt_grp=0,
		srt_grp=0,
		usr_flg=0,
		flags=HIDDEN,
		spatialprops={
			pos={
				-57.86824,
				1.542177,
				-50.883358
			},
			orient={
				{
					-0.953182,
					0,
					0.302398
				},
				{
					0.01613,
					0.998576,
					0.050842
				},
				{
					-0.301968,
					0.05334,
					-0.951825
				}
			}
		},
		cameraprops={
			fovh=29.999996,
			hvaspect=1.85,
			nearplane=0.3,
			farplane=20000
		}
	},
	{
		entity_name="Zs/NPC/mFloor1/01/PCO/Camera",
		type=CAMERA,
		template_name="",
		lt_grp=0,
		srt_grp=0,
		usr_flg=0,
		flags=HIDDEN,
		spatialprops={
			pos={
				-57.11533,
				1.720515,
				-50.481255
			},
			orient={
				{
					-0.958412,
					0,
					-0.28539
				},
				{
					-0.038451,
					0.990882,
					0.129128
				},
				{
					0.282787,
					0.134731,
					-0.949673
				}
			}
		},
		cameraprops={
			fovh=25,
			hvaspect=1.85,
			nearplane=0.3,
			farplane=4000
		}
	},
	{
		entity_name="Zs/NPC/mFloor1/01/PCS/Camera",
		type=CAMERA,
		template_name="",
		lt_grp=0,
		srt_grp=0,
		usr_flg=0,
		flags=HIDDEN,
		spatialprops={
			pos={
				-57.287529,
				1.64446,
				-50.103405
			},
			orient={
				{
					-0.945404,
					0,
					-0.325902
				},
				{
					-0.023441,
					0.99741,
					0.06800000000000001
				},
				{
					0.325058,
					0.07192700000000001,
					-0.942955
				}
			}
		},
		cameraprops={
			fovh=25,
			hvaspect=1.85,
			nearplane=0.3,
			farplane=4000
		}
	},
	{
		entity_name="Zs/NPC/mFloor1/01/PCU/Camera",
		type=CAMERA,
		template_name="",
		lt_grp=0,
		srt_grp=0,
		usr_flg=0,
		flags=HIDDEN,
		spatialprops={
			pos={
				-57.505646,
				1.680823,
				-49.70155
			},
			orient={
				{
					-0.925561,
					0,
					-0.378597
				},
				{
					-0.010612,
					0.999607,
					0.025944
				},
				{
					0.378449,
					0.028031,
					-0.925198
				}
			}
		},
		cameraprops={
			fovh=25,
			hvaspect=1.85,
			nearplane=0.3,
			farplane=4000
		}
	},
	{
		entity_name="Zs/NPC/mFloor1/01/WFC/Camera",
		type=CAMERA,
		template_name="",
		lt_grp=0,
		srt_grp=0,
		usr_flg=0,
		flags=HIDDEN,
		spatialprops={
			pos={
				-60.46439,
				0.199909,
				-54.504749
			},
			orient={
				{
					-0.795993,
					-0.168566,
					0.581361
				},
				{
					-0.260687,
					0.962274,
					-0.077917
				},
				{
					-0.546295,
					-0.213575,
					-0.809906
				}
			}
		},
		cameraprops={
			fovh=29.999996,
			hvaspect=1.85,
			nearplane=0.3,
			farplane=20000
		}
	},
	{
		entity_name="Zs/NPC/mFloor1/02/AC2/Camera",
		type=CAMERA,
		template_name="",
		lt_grp=0,
		srt_grp=0,
		usr_flg=0,
		flags=HIDDEN,
		spatialprops={
			pos={
				-51.498363,
				1.438954,
				-15.778932
			},
			orient={
				{
					-0.704564,
					0,
					0.7096400000000001
				},
				{
					-0.006546,
					0.999957,
					-0.006499
				},
				{
					-0.70961,
					-0.009224,
					-0.704534
				}
			}
		},
		cameraprops={
			fovh=29.999996,
			hvaspect=1.85,
			nearplane=0.3,
			farplane=30000
		}
	},
	{
		entity_name="Zs/NPC/mFloor1/02/ACOH/Camera",
		type=CAMERA,
		template_name="",
		lt_grp=0,
		srt_grp=0,
		usr_flg=0,
		flags=HIDDEN,
		spatialprops={
			pos={
				-51.514973,
				1.643546,
				-14.827151
			},
			orient={
				{
					-0.083541,
					0,
					0.996504
				},
				{
					0.06840400000000001,
					0.997641,
					0.005735
				},
				{
					-0.994154,
					0.068644,
					-0.083344
				}
			}
		},
		cameraprops={
			fovh=25,
			hvaspect=1.85,
			nearplane=0.3,
			farplane=20000
		}
	},
	{
		entity_name="Zs/NPC/mFloor1/02/ACS/Camera",
		type=CAMERA,
		template_name="",
		lt_grp=0,
		srt_grp=0,
		usr_flg=0,
		flags=HIDDEN,
		spatialprops={
			pos={
				-51.151917,
				1.504157,
				-14.893228
			},
			orient={
				{
					-0.07283100000000001,
					0,
					0.997344
				},
				{
					-0.034272,
					0.999409,
					-0.002502
				},
				{
					-0.996755,
					-0.034363,
					-0.07278800000000001
				}
			}
		},
		cameraprops={
			fovh=25,
			hvaspect=1.85,
			nearplane=0.3,
			farplane=20000
		}
	},
	{
		entity_name="Zs/NPC/mFloor1/02/ACU/Camera",
		type=CAMERA,
		template_name="",
		lt_grp=0,
		srt_grp=0,
		usr_flg=0,
		flags=HIDDEN,
		spatialprops={
			pos={
				-50.719593,
				1.590113,
				-14.81182
			},
			orient={
				{
					0.036782,
					0,
					0.999323
				},
				{
					-0.08893,
					0.996032,
					0.003274
				},
				{
					-0.995358,
					-0.088991,
					0.036636
				}
			}
		},
		cameraprops={
			fovh=25,
			hvaspect=1.85,
			nearplane=0.3,
			farplane=20000
		}
	},
	{
		entity_name="Zs/NPC/mFloor1/02/PC2/Camera",
		type=CAMERA,
		template_name="",
		lt_grp=0,
		srt_grp=0,
		usr_flg=0,
		flags=HIDDEN,
		spatialprops={
			pos={
				-50.439835,
				1.432151,
				-16.101648
			},
			orient={
				{
					-0.995207,
					0,
					0.097789
				},
				{
					-0.004127,
					0.999109,
					-0.042001
				},
				{
					-0.097702,
					-0.042204,
					-0.99432
				}
			}
		},
		cameraprops={
			fovh=29.999996,
			hvaspect=1.85,
			nearplane=0.3,
			farplane=400
		}
	},
	{
		entity_name="Zs/NPC/mFloor1/02/PCO/Camera",
		type=CAMERA,
		template_name="",
		lt_grp=0,
		srt_grp=0,
		usr_flg=0,
		flags=HIDDEN,
		spatialprops={
			pos={
				-49.730595,
				1.704984,
				-15.594393
			},
			orient={
				{
					-0.8339220000000001,
					0,
					-0.551883
				},
				{
					-0.06955400000000001,
					0.992026,
					0.1051
				},
				{
					0.547482,
					0.126031,
					-0.827272
				}
			}
		},
		cameraprops={
			fovh=25,
			hvaspect=1.85,
			nearplane=0.3,
			farplane=400
		}
	},
	{
		entity_name="Zs/NPC/mFloor1/02/PCS/Camera",
		type=CAMERA,
		template_name="",
		lt_grp=0,
		srt_grp=0,
		usr_flg=0,
		flags=HIDDEN,
		spatialprops={
			pos={
				-49.981953,
				1.62625,
				-15.220053
			},
			orient={
				{
					-0.725982,
					0,
					-0.6877140000000001
				},
				{
					-0.04643,
					0.997718,
					0.049013
				},
				{
					0.686145,
					0.067513,
					-0.724325
				}
			}
		},
		cameraprops={
			fovh=25,
			hvaspect=1.85,
			nearplane=0.3,
			farplane=400
		}
	},
	{
		entity_name="Zs/NPC/mFloor1/02/PCU/Camera",
		type=CAMERA,
		template_name="",
		lt_grp=0,
		srt_grp=0,
		usr_flg=0,
		flags=HIDDEN,
		spatialprops={
			pos={
				-50.335033,
				1.693426,
				-14.923903
			},
			orient={
				{
					-0.732295,
					0,
					-0.680988
				},
				{
					-0.033934,
					0.998758,
					0.03649
				},
				{
					0.680142,
					0.04983,
					-0.731385
				}
			}
		},
		cameraprops={
			fovh=25,
			hvaspect=1.85,
			nearplane=0.3,
			farplane=300
		}
	},
	{
		entity_name="Zs/NPC/mFloor1/01/TCI/Camera",
		type=CAMERA,
		template_name="",
		lt_grp=0,
		srt_grp=0,
		usr_flg=0,
		flags=HIDDEN,
		spatialprops={
			pos={
				-58.673401,
				2.007641,
				-50.049065
			},
			orient={
				{
					-0.268351,
					0,
					0.963321
				},
				{
					0.605127,
					0.7780780000000001,
					0.168569
				},
				{
					-0.749539,
					0.628168,
					-0.208798
				}
			}
		},
		cameraprops={
			fovh=14.999998,
			hvaspect=1.85,
			nearplane=0.3,
			farplane=100
		}
	},
	{
		entity_name="Zs/NPC/mFloor1/02/TCI/Camera",
		type=CAMERA,
		template_name="",
		lt_grp=0,
		srt_grp=0,
		usr_flg=0,
		flags=HIDDEN,
		spatialprops={
			pos={
				-51.368225,
				1.894785,
				-15.76018
			},
			orient={
				{
					-0.624074,
					0,
					0.781366
				},
				{
					0.427611,
					0.836962,
					0.341531
				},
				{
					-0.653973,
					0.547261,
					-0.522326
				}
			}
		},
		cameraprops={
			fovh=14.999998,
			hvaspect=1.85,
			nearplane=0.3,
			farplane=100
		}
	},
	{
		entity_name="Zs/NPC/mFloor1/02/WFC/Camera",
		type=CAMERA,
		template_name="",
		lt_grp=0,
		srt_grp=0,
		usr_flg=0,
		flags=HIDDEN,
		spatialprops={
			pos={
				-54.386471,
				1.192948,
				-21.228619
			},
			orient={
				{
					-0.652429,
					0,
					0.75785
				},
				{
					-0.060115,
					0.996849,
					-0.051752
				},
				{
					-0.755462,
					-0.07932300000000001,
					-0.650373
				}
			}
		},
		cameraprops={
			fovh=29.999989,
			hvaspect=1.85,
			nearplane=1,
			farplane=25000
		}
	},
	{
		entity_name="Camera_Trader_Desk",
		type=CAMERA,
		template_name="",
		lt_grp=0,
		srt_grp=0,
		usr_flg=0,
		flags=HIDDEN,
		spatialprops={
			pos={
				-59.82943,
				1.581077,
				-29.341328
			},
			orient={
				{
					-0.98194,
					0,
					0.189195
				},
				{
					0.008925000000000001,
					0.998887,
					0.046323
				},
				{
					-0.188984,
					0.047175,
					-0.980846
				}
			}
		},
		cameraprops={
			fovh=30,
			hvaspect=1.777777,
			nearplane=0.3,
			farplane=20000
		}
	},
	{
		entity_name="Camera_Trader_Wide",
		type=CAMERA,
		template_name="",
		lt_grp=0,
		srt_grp=0,
		usr_flg=0,
		flags=HIDDEN,
		spatialprops={
			pos={
				-58.876675,
				6.579695,
				-34.844524
			},
			orient={
				{
					-0.99965,
					0,
					0.026446
				},
				{
					0.006499,
					0.969335,
					0.245658
				},
				{
					-0.025635,
					0.245744,
					-0.968996
				}
			}
		},
		cameraprops={
			fovh=35,
			hvaspect=1.777777,
			nearplane=0.3,
			farplane=4000
		}
	},
	{
		entity_name="Camera_Ship_Desk",
		type=CAMERA,
		template_name="",
		lt_grp=0,
		srt_grp=0,
		usr_flg=0,
		flags=HIDDEN,
		spatialprops={
			pos={
				-60.870705,
				1.457709,
				-68.79697400000001
			},
			orient={
				{
					-0.502029,
					0,
					0.864851
				},
				{
					-0.019642,
					0.999742,
					-0.011402
				},
				{
					-0.864628,
					-0.022711,
					-0.501899
				}
			}
		},
		cameraprops={
			fovh=30,
			hvaspect=1.777777,
			nearplane=0.3,
			farplane=20000
		}
	},
	{
		entity_name="Zs/NPC/mFloor1/03/ACU/Camera",
		type=CAMERA,
		template_name="",
		lt_grp=0,
		srt_grp=0,
		usr_flg=0,
		flags=HIDDEN,
		spatialprops={
			pos={
				-49.651215,
				1.553885,
				-53.693287
			},
			orient={
				{
					-0.996677,
					0,
					0.08146100000000001
				},
				{
					-0.007933000000000001,
					0.995246,
					-0.097065
				},
				{
					-0.08107399999999999,
					-0.097388,
					-0.991939
				}
			}
		},
		cameraprops={
			fovh=25,
			hvaspect=1.85,
			nearplane=0.3,
			farplane=4000
		}
	},
	{
		entity_name="Zs/NPC/mFloor1/03/AC2/Camera",
		type=CAMERA,
		template_name="",
		lt_grp=0,
		srt_grp=0,
		usr_flg=0,
		flags=HIDDEN,
		spatialprops={
			pos={
				-50.455463,
				1.315373,
				-54.798531
			},
			orient={
				{
					-0.757366,
					0,
					0.65299
				},
				{
					-0.040176,
					0.998105,
					-0.046598
				},
				{
					-0.651753,
					-0.061526,
					-0.7559320000000001
				}
			}
		},
		cameraprops={
			fovh=29.999996,
			hvaspect=1.85,
			nearplane=0.5,
			farplane=25000
		}
	},
	{
		entity_name="Zs/NPC/mFloor1/03/ACOH/Camera",
		type=CAMERA,
		template_name="",
		lt_grp=0,
		srt_grp=0,
		usr_flg=0,
		flags=HIDDEN,
		spatialprops={
			pos={
				-49.662663,
				1.543871,
				-54.975151
			},
			orient={
				{
					-0.983914,
					0,
					0.178641
				},
				{
					0.009466000000000001,
					0.998595,
					0.052135
				},
				{
					-0.17839,
					0.052987,
					-0.982532
				}
			}
		},
		cameraprops={
			fovh=25,
			hvaspect=1.85,
			nearplane=0.3,
			farplane=25000
		}
	},
	{
		entity_name="Zs/NPC/mFloor1/03/ACS/Camera",
		type=CAMERA,
		template_name="",
		lt_grp=0,
		srt_grp=0,
		usr_flg=0,
		flags=HIDDEN,
		spatialprops={
			pos={
				-49.651524,
				1.513234,
				-54.051544
			},
			orient={
				{
					-0.999192,
					0,
					0.040184
				},
				{
					-0.00112,
					0.999612,
					-0.027847
				},
				{
					-0.040169,
					-0.027869,
					-0.998804
				}
			}
		},
		cameraprops={
			fovh=25,
			hvaspect=1.85,
			nearplane=0.3,
			farplane=4000
		}
	},
	{
		entity_name="Zs/NPC/mFloor1/03/P/Stand",
		type=MARKER,
		template_name="",
		lt_grp=0,
		srt_grp=0,
		usr_flg=0,
		spatialprops={
			pos={
				-48.920692,
				0,
				-54.454189
			},
			orient={
				{
					-0.788974,
					0,
					-0.614427
				},
				{
					0,
					1,
					0
				},
				{
					0.614427,
					0,
					-0.788974
				}
			}
		}
	},
	{
		entity_name="Zs/NPC/mFloor1/03/P2/Stand",
		type=MARKER,
		template_name="",
		lt_grp=0,
		srt_grp=0,
		usr_flg=0,
		spatialprops={
			pos={
				-49.209064,
				0,
				-54.031185
			},
			orient={
				{
					-0.788974,
					0,
					-0.614427
				},
				{
					0,
					1,
					0
				},
				{
					0.614427,
					0,
					-0.788974
				}
			}
		}
	},
	{
		entity_name="Zs/NPC/mFloor1/03/PC2/Camera",
		type=CAMERA,
		template_name="",
		lt_grp=0,
		srt_grp=0,
		usr_flg=0,
		flags=HIDDEN,
		spatialprops={
			pos={
				-51.03801,
				1.407919,
				-53.274143
			},
			orient={
				{
					0.06239,
					0,
					0.9980520000000001
				},
				{
					-0.012192,
					0.999925,
					0.000762
				},
				{
					-0.997977,
					-0.012216,
					0.062386
				}
			}
		},
		cameraprops={
			fovh=29.999996,
			hvaspect=1.85,
			nearplane=0.3,
			farplane=25000
		}
	},
	{
		entity_name="Zs/NPC/mFloor1/03/PCO/Camera",
		type=CAMERA,
		template_name="",
		lt_grp=0,
		srt_grp=0,
		usr_flg=0,
		flags=HIDDEN,
		spatialprops={
			pos={
				-50.505081,
				1.623691,
				-52.610199
			},
			orient={
				{
					0.601715,
					0,
					0.798711
				},
				{
					0.076183,
					0.995441,
					-0.057393
				},
				{
					-0.795069,
					0.095382,
					0.598972
				}
			}
		},
		cameraprops={
			fovh=25,
			hvaspect=1.85,
			nearplane=0.3,
			farplane=25000
		}
	},
	{
		entity_name="Zs/NPC/mFloor1/03/PCS/Camera",
		type=CAMERA,
		template_name="",
		lt_grp=0,
		srt_grp=0,
		usr_flg=0,
		flags=HIDDEN,
		spatialprops={
			pos={
				-50.053417,
				1.570727,
				-53.179878
			},
			orient={
				{
					0.627395,
					0,
					0.778701
				},
				{
					-0.000653,
					1,
					0.000526
				},
				{
					-0.778701,
					-0.000839,
					0.627395
				}
			}
		},
		cameraprops={
			fovh=25,
			hvaspect=1.85,
			nearplane=0.3,
			farplane=25000
		}
	},
	{
		entity_name="Zs/NPC/mFloor1/03/PCU/Camera",
		type=CAMERA,
		template_name="",
		lt_grp=0,
		srt_grp=0,
		usr_flg=0,
		flags=HIDDEN,
		spatialprops={
			pos={
				-49.95446,
				1.60473,
				-53.365749
			},
			orient={
				{
					0.556723,
					0,
					0.8306980000000001
				},
				{
					0.009960999999999999,
					0.999928,
					-0.006676
				},
				{
					-0.830639,
					0.011991,
					0.556683
				}
			}
		},
		cameraprops={
			fovh=25,
			hvaspect=1.85,
			nearplane=0.3,
			farplane=25000
		}
	},
	{
		entity_name="Zs/NPC/mFloor1/03/TCI/Camera",
		type=CAMERA,
		template_name="",
		lt_grp=0,
		srt_grp=0,
		usr_flg=0,
		flags=HIDDEN,
		spatialprops={
			pos={
				-50.1731,
				1.956234,
				-54.541294
			},
			orient={
				{
					-0.907318,
					0,
					0.420446
				},
				{
					0.235942,
					0.8277,
					0.50916
				},
				{
					-0.348003,
					0.56117,
					-0.750987
				}
			}
		},
		cameraprops={
			fovh=14.999998,
			hvaspect=1.85,
			nearplane=0.3,
			farplane=100
		}
	},
	{
		entity_name="Zs/NPC/mFloor1/03/WFC/Camera",
		type=CAMERA,
		template_name="",
		lt_grp=0,
		srt_grp=0,
		usr_flg=0,
		flags=HIDDEN,
		spatialprops={
			pos={
				-50.68206,
				0.371034,
				-54.593483
			},
			orient={
				{
					-0.675325,
					0,
					0.73752
				},
				{
					-0.376162,
					0.860153,
					-0.34444
				},
				{
					-0.6343800000000001,
					-0.510036,
					-0.580883
				}
			}
		},
		cameraprops={
			fovh=29.999996,
			hvaspect=1.85,
			nearplane=0.3,
			farplane=20000
		}
	},
	{
		entity_name="Camera_Ship_Wide",
		type=CAMERA,
		template_name="",
		lt_grp=0,
		srt_grp=0,
		usr_flg=0,
		flags=HIDDEN,
		spatialprops={
			pos={
				-71.504723,
				14.675744,
				-89.269043
			},
			orient={
				{
					-0.6310440000000001,
					0,
					0.775747
				},
				{
					0.090528,
					0.9931680000000001,
					0.073641
				},
				{
					-0.770447,
					0.116697,
					-0.626732
				}
			}
		},
		cameraprops={
			fovh=35,
			hvaspect=1.777777,
			nearplane=10,
			farplane=20000
		}
	},
	{
		entity_name="X/Shipcentre/02",
		type=MARKER,
		template_name="",
		lt_grp=0,
		srt_grp=0,
		usr_flg=0,
		spatialprops={
			pos={
				-43.638496,
				1.585719,
				-61.807388
			},
			orient={
				{
					0.987875,
					0.00646,
					-0.155118
				},
				{
					0.001271,
					0.998764,
					0.049689
				},
				{
					0.155248,
					-0.049284,
					0.986645
				}
			}
		}
	},
	{
		entity_name="Prop_Ship02_L_Elite_Mkr",
		type=MARKER,
		template_name="",
		lt_grp=0,
		srt_grp=0,
		usr_flg=0,
		spatialprops={
			pos={
				-47.856903,
				0.1,
				-65.597588
			},
			orient={
				{
					-0.113459,
					0,
					-0.993543
				},
				{
					0,
					1,
					0
				},
				{
					0.993543,
					0,
					-0.113459
				}
			}
		}
	},
	{
		entity_name="Player_Trader",
		type=MARKER,
		template_name="",
		lt_grp=0,
		srt_grp=0,
		usr_flg=0,
		spatialprops={
			pos={
				-59.84087,
				0,
				-25.732897
			},
			orient={
				{
					-0.747526,
					0,
					0.664233
				},
				{
					0,
					1,
					0
				},
				{
					-0.664233,
					0,
					-0.747526
				}
			}
		}
	},
	{
		entity_name="Zg/PC/Player/01/A/Stand",
		type=MARKER,
		template_name="",
		lt_grp=0,
		srt_grp=0,
		usr_flg=0,
		spatialprops={
			pos={
				-35.369728,
				0,
				46.212479
			},
			orient={
				{
					0.9974380000000001,
					0,
					0.071532
				},
				{
					0,
					1,
					0
				},
				{
					-0.071532,
					0,
					0.9974380000000001
				}
			}
		}
	},
	{
		entity_name="Zg/NPC/mFloor1/03/A/Stand",
		type=MARKER,
		template_name="",
		lt_grp=0,
		srt_grp=0,
		usr_flg=0,
		spatialprops={
			pos={
				-49.679783,
				0,
				-52.801189
			},
			orient={
				{
					0.969035,
					0,
					0.246922
				},
				{
					0,
					1,
					0
				},
				{
					-0.246922,
					0,
					0.969035
				}
			}
		}
	},
	{
		entity_name="Bin_artifacts_1_1",
		type=COMPOUND,
		template_name="Stackred_lightgoods",
		lt_grp=3,
		srt_grp=0,
		usr_flg=0,
		flags=LIT_DYNAMIC,
		spatialprops={
			pos={
				-61.898151,
				0.443071,
				-23.032185
			},
			orient={
				{
					0.782247,
					0,
					0.622968
				},
				{
					0,
					1,
					0
				},
				{
					-0.622968,
					0,
					0.782247
				}
			}
		},
		userprops={
			category="Equipment",
			Priority="Bin_1"
		}
	},
	{
		entity_name="Bin_machines_1_2",
		type=COMPOUND,
		template_name="StackGrey_hivalue",
		lt_grp=3,
		srt_grp=0,
		usr_flg=0,
		flags=LIT_DYNAMIC,
		spatialprops={
			pos={
				-57.915562,
				0.442725,
				-21.079144
			},
			orient={
				{
					0.786664,
					0,
					0.617381
				},
				{
					0,
					1,
					0
				},
				{
					-0.617381,
					0,
					0.786664
				}
			}
		},
		userprops={
			category="Equipment",
			Priority="Bin_1"
		}
	},
	{
		entity_name="Prop_PlayerShip_Mkr",
		type=MARKER,
		template_name="",
		lt_grp=0,
		srt_grp=0,
		usr_flg=0,
		spatialprops={
			pos={
				-73.365135,
				0.117867,
				-39.116367
			},
			orient={
				{
					-0.371714,
					-5.1e-005,
					0.928347
				},
				{
					0.0001,
					1,
					9.500000000000001e-005
				},
				{
					-0.928347,
					0.000128,
					-0.371714
				}
			}
		}
	},
	{
		entity_name="Cart_li_cart_3",
		type=COMPOUND,
		template_name="li_cart",
		lt_grp=3,
		srt_grp=1,
		usr_flg=0,
		flags=LIT_DYNAMIC,
		spatialprops={
			pos={
				-67.241615,
				0.562958,
				-50.450481
			},
			orient={
				{
					0.611074,
					0,
					-0.791574
				},
				{
					0,
					1,
					0
				},
				{
					0.791574,
					0,
					0.611074
				}
			}
		},
		userprops={
			category="Equipment Cart",
			Priority="Equip_2"
		}
	},
	{
		entity_name="Cart_li_flat_5",
		type=COMPOUND,
		template_name="li_flat",
		lt_grp=3,
		srt_grp=1,
		usr_flg=0,
		flags=LIT_DYNAMIC,
		spatialprops={
			pos={
				-79.468979,
				0.768267,
				-32.454994
			},
			orient={
				{
					0.7269600000000001,
					0,
					-0.686679
				},
				{
					0,
					1,
					0
				},
				{
					0.686679,
					0,
					0.7269600000000001
				}
			}
		},
		userprops={
			category="Equipment Cart",
			Priority="Equip_2"
		}
	},
	{
		entity_name="rtcprop_hardware_li_free_flow_ion_drive_6",
		type=COMPOUND,
		template_name="rtcprop_hardware_li_free_flow_ion_drive",
		lt_grp=3,
		srt_grp=0,
		usr_flg=0,
		flags=LIT_DYNAMIC,
		spatialprops={
			pos={
				-81.643753,
				2.111675,
				-35.329475
			},
			orient={
				{
					0.971374,
					0,
					0.237555
				},
				{
					0,
					1,
					0
				},
				{
					-0.237555,
					0,
					0.971374
				}
			}
		},
		userprops={
			category="Equipment",
			Priority="Equip_1"
		}
	},
	{
		entity_name="rtcprop_hardware_li_fusion_reactor_7",
		type=COMPOUND,
		template_name="rtcprop_hardware_li_fusion_reactor",
		lt_grp=3,
		srt_grp=0,
		usr_flg=0,
		flags=LIT_DYNAMIC,
		spatialprops={
			pos={
				-79.72923299999999,
				1.891285,
				-32.734329
			},
			orient={
				{
					0.977106,
					0,
					0.212753
				},
				{
					0,
					1,
					0
				},
				{
					-0.212753,
					0,
					0.977106
				}
			}
		},
		userprops={
			category="Equipment",
			Priority="Equip_1"
		}
	}
	,
	{
		entity_name="rtcprop_hardware_li_policing_armor_8",
		type=COMPOUND,
		template_name="rtcprop_hardware_li_policing_armor",
		lt_grp=3,
		srt_grp=0,
		usr_flg=0,
		flags=LIT_DYNAMIC,
		spatialprops={
			pos={
				-77.768494,
				2.277655,
				-30.63335
			},
			orient={
				{
					1,
					0,
					0
				},
				{
					0,
					1,
					0
				},
				{
					0,
					0,
					1
				}
			}
		},
		userprops={
			category="Equipment",
			Priority="Equip_1"
		}
	},
	{
		entity_name="rtcprop_weapons_li_auto_cannon_9",
		type=COMPOUND,
		template_name="rtcprop_weapons_li_auto_cannon",
		lt_grp=3,
		srt_grp=0,
		usr_flg=0,
		flags=LIT_DYNAMIC,
		spatialprops={
			pos={
				-70.25952100000001,
				0.875322,
				-52.051167
			},
			orient={
				{
					0.750834,
					0,
					0.6604910000000001
				},
				{
					0,
					1,
					0
				},
				{
					-0.6604910000000001,
					0,
					0.750834
				}
			}
		},
		userprops={
			category="Equipment",
			Priority="Equip_1"
		}
	},
	{
		entity_name="rtcprop_weapons_li_heavy_ion_blaster_10",
		type=COMPOUND,
		template_name="rtcprop_weapons_li_heavy_ion_blaster",
		lt_grp=3,
		srt_grp=0,
		usr_flg=0,
		flags=LIT_DYNAMIC,
		spatialprops={
			pos={
				-67.622322,
				0.872266,
				-50.475967
			},
			orient={
				{
					0.743658,
					0,
					0.66856
				},
				{
					0,
					1,
					0
				},
				{
					-0.66856,
					0,
					0.743658
				}
			}
		},
		userprops={
			category="Equipment",
			Priority="Equip_1"
		}
	},
	{
		entity_name="rtcprop_weapons_li_laser_beam_11",
		type=COMPOUND,
		template_name="rtcprop_weapons_li_laser_beam",
		lt_grp=3,
		srt_grp=0,
		usr_flg=0,
		flags=LIT_DYNAMIC,
		spatialprops={
			pos={
				-66.374191,
				0.878399,
				-49.485767
			},
			orient={
				{
					0.726648,
					0,
					0.68701
				},
				{
					0,
					1,
					0
				},
				{
					-0.68701,
					0,
					0.726648
				}
			}
		},
		userprops={
			category="Equipment",
			Priority="Equip_1"
		}
	},
	{
		entity_name="rtcprop_weapons_li_plasma_blaster_12",
		type=COMPOUND,
		template_name="rtcprop_weapons_li_plasma_blaster",
		lt_grp=3,
		srt_grp=0,
		usr_flg=0,
		flags=LIT_DYNAMIC,
		spatialprops={
			pos={
				-64.918922,
				0.877971,
				-48.136005
			},
			orient={
				{
					0.745895,
					0,
					0.666064
				},
				{
					0,
					1,
					0
				},
				{
					-0.666064,
					0,
					0.745895
				}
			}
		},
		userprops={
			category="Equipment",
			Priority="Equip_1"
		}
	},
	{
		entity_name="X/Marker_Weather",
		type=MARKER,
		template_name="",
		lt_grp=0,
		srt_grp=0,
		usr_flg=0,
		spatialprops={
			pos={
				-103.843552,
				61.50452,
				-200.612305
			},
			orient={
				{
					-0.92259,
					0,
					0.385782
				},
				{
					0.040121,
					0.994577,
					0.09594900000000001
				},
				{
					-0.38369,
					0.104,
					-0.917587
				}
			}
		}
	},
	{
		entity_name="Camera_0",
		type=CAMERA,
		template_name="",
		lt_grp=0,
		srt_grp=0,
		usr_flg=0,
		flags=HIDDEN,
		spatialprops={
			pos={
				-30.467438,
				29.732782,
				-237.425064
			},
			orient={
				{
					-0.998439,
					0,
					0.055856
				},
				{
					-0.002078,
					0.999308,
					-0.037151
				},
				{
					-0.055817,
					-0.037209,
					-0.9977470000000001
				}
			}
		},
		cameraprops={
			fovh=20,
			hvaspect=1.777777,
			nearplane=10,
			farplane=20000
		}
	},
	{
		entity_name="X/Shipcentre/01",
		type=MARKER,
		template_name="",
		lt_grp=0,
		srt_grp=0,
		usr_flg=0,
		spatialprops={
			pos={
				-73.365135,
				0.117867,
				-39.116367
			},
			orient={
				{
					-0.371714,
					-5.1e-005,
					0.928347
				},
				{
					0.0001,
					1,
					9.500000000000001e-005
				},
				{
					-0.928347,
					0.000128,
					-0.371714
				}
			}
		}
	},
	{
		entity_name="Set_li_resort_waterscape_2",
		type=COMPOUND,
		template_name="li_resort_waterscape",
		lt_grp=9,
		srt_grp=0,
		usr_flg=0,
		flags=LIT_DYNAMIC,
		spatialprops={
			pos={
				-0.108999,
				0,
				0
			},
			orient={
				{
					1,
					0,
					0
				},
				{
					0,
					1,
					0
				},
				{
					0,
					0,
					1
				}
			}
		},
		userprops={
			category="Room"
		}
	},
	{
		entity_name="Zs/NPC/Equipment/01/AC2/Camera",
		type=CAMERA,
		template_name="",
		lt_grp=0,
		srt_grp=0,
		usr_flg=0,
		flags=HIDDEN,
		spatialprops={
			pos={
				-66.365089,
				1.465943,
				-57.018059
			},
			orient={
				{
					-0.949125,
					0,
					0.3149
				},
				{
					0.008057,
					0.999673,
					0.024285
				},
				{
					-0.314796,
					0.025587,
					-0.9488140000000001
				}
			}
		},
		cameraprops={
			fovh=29.999996,
			hvaspect=1.85,
			nearplane=0.3,
			farplane=20000
		}
	},
	{
		entity_name="Zs/NPC/Equipment/01/ACOH/Camera",
		type=CAMERA,
		template_name="",
		lt_grp=0,
		srt_grp=0,
		usr_flg=0,
		flags=HIDDEN,
		spatialprops={
			pos={
				-66.78027299999999,
				1.645522,
				-56.141857
			},
			orient={
				{
					-0.524758,
					0,
					0.851251
				},
				{
					0.080666,
					0.9955000000000001,
					0.049727
				},
				{
					-0.847421,
					0.094761,
					-0.522397
				}
			}
		},
		cameraprops={
			fovh=25,
			hvaspect=1.85,
			nearplane=0.3,
			farplane=20000
		}
	},
	{
		entity_name="Zs/NPC/Equipment/01/ACS/Camera",
		type=CAMERA,
		template_name="",
		lt_grp=0,
		srt_grp=0,
		usr_flg=0,
		flags=HIDDEN,
		spatialprops={
			pos={
				-66.464775,
				1.595584,
				-55.940361
			},
			orient={
				{
					-0.473778,
					0,
					0.880645
				},
				{
					0.023529,
					0.999643,
					0.012658
				},
				{
					-0.88033,
					0.026718,
					-0.473609
				}
			}
		},
		cameraprops={
			fovh=25,
			hvaspect=1.85,
			nearplane=0.3,
			farplane=20000
		}
	},
	{
		entity_name="Zs/NPC/Equipment/01/P/Stand",
		type=MARKER,
		template_name="",
		lt_grp=0,
		srt_grp=0,
		usr_flg=0,
		spatialprops={
			pos={
				-66.391006,
				0,
				-55.558163
			},
			orient={
				{
					-0.025288,
					0,
					0.99968
				},
				{
					0,
					1,
					0
				},
				{
					-0.99968,
					0,
					-0.025288
				}
			}
		}
	},
	{
		entity_name="Zs/NPC/Equipment/01/P2/Stand",
		type=MARKER,
		template_name="",
		lt_grp=0,
		srt_grp=0,
		usr_flg=0,
		spatialprops={
			pos={
				-66.391006,
				0,
				-55.558163
			},
			orient={
				{
					-0.025288,
					0,
					0.99968
				},
				{
					0,
					1,
					0
				},
				{
					-0.99968,
					0,
					-0.025288
				}
			}
		}
	},
	{
		entity_name="Zs/NPC/Equipment/01/PC2/Camera",
		type=CAMERA,
		template_name="",
		lt_grp=0,
		srt_grp=0,
		usr_flg=0,
		flags=HIDDEN,
		spatialprops={
			pos={
				-65.005188,
				1.395131,
				-56.884075
			},
			orient={
				{
					-0.878953,
					0,
					-0.476909
				},
				{
					0.009849999999999999,
					0.999787,
					-0.018153
				},
				{
					0.476807,
					-0.020653,
					-0.878765
				}
			}
		},
		cameraprops={
			fovh=29.999996,
			hvaspect=1.85,
			nearplane=0.5,
			farplane=25000
		}
	},
	{
		entity_name="Zs/NPC/Equipment/01/PCO/Camera",
		type=CAMERA,
		template_name="",
		lt_grp=0,
		srt_grp=0,
		usr_flg=0,
		flags=HIDDEN,
		spatialprops={
			pos={
				-64.868858,
				1.606292,
				-56.151821
			},
			orient={
				{
					-0.560926,
					0,
					-0.827866
				},
				{
					-0.06829399999999999,
					0.996592,
					0.046274
				},
				{
					0.825044,
					0.082494,
					-0.559014
				}
			}
		},
		cameraprops={
			fovh=25,
			hvaspect=1.85,
			nearplane=0.3,
			farplane=25000
		}
	},
	{
		entity_name="Zs/NPC/Equipment/01/PCS/Camera",
		type=CAMERA,
		template_name="",
		lt_grp=0,
		srt_grp=0,
		usr_flg=0,
		flags=HIDDEN,
		spatialprops={
			pos={
				-65.212372,
				1.570779,
				-55.869392
			},
			orient={
				{
					-0.441601,
					0,
					-0.897211
				},
				{
					0.0098,
					0.9999400000000001,
					-0.004824
				},
				{
					0.897158,
					-0.010923,
					-0.441575
				}
			}
		},
		cameraprops={
			fovh=25,
			hvaspect=1.85,
			nearplane=0.3,
			farplane=25000
		}
	},
	{
		entity_name="Zs/NPC/Shipdealer/01/AC2/Camera",
		type=CAMERA,
		template_name="",
		lt_grp=0,
		srt_grp=0,
		usr_flg=0,
		flags=HIDDEN,
		spatialprops={
			pos={
				-58.148613,
				1.418572,
				-67.821701
			},
			orient={
				{
					-0.928136,
					0,
					0.37224
				},
				{
					-0.008338999999999999,
					0.999749,
					-0.020794
				},
				{
					-0.372147,
					-0.022404,
					-0.927903
				}
			}
		},
		cameraprops={
			fovh=29.999996,
			hvaspect=1.85,
			nearplane=0.5,
			farplane=25000
		}
	},
	{
		entity_name="Zs/NPC/Shipdealer/01/ACOH/Camera",
		type=CAMERA,
		template_name="",
		lt_grp=0,
		srt_grp=0,
		usr_flg=0,
		flags=HIDDEN,
		spatialprops={
			pos={
				-58.765579,
				1.505405,
				-67.097931
			},
			orient={
				{
					-0.5244990000000001,
					0,
					0.851411
				},
				{
					0.010221,
					0.999928,
					0.006297
				},
				{
					-0.8513500000000001,
					0.012005,
					-0.524461
				}
			}
		},
		cameraprops={
			fovh=25,
			hvaspect=1.85,
			nearplane=0.3,
			farplane=25000
		}
	},
	{
		entity_name="Zs/NPC/Shipdealer/01/ACS/Camera",
		type=CAMERA,
		template_name="",
		lt_grp=0,
		srt_grp=0,
		usr_flg=0,
		flags=HIDDEN,
		spatialprops={
			pos={
				-58.215847,
				1.483026,
				-66.776566
			},
			orient={
				{
					-0.383074,
					1e-006,
					0.923718
				},
				{
					-0.055939,
					0.998165,
					-0.023199
				},
				{
					-0.922022,
					-0.060559,
					-0.382371
				}
			}
		},
		cameraprops={
			fovh=25,
			hvaspect=1.85,
			nearplane=0.3,
			farplane=25000
		}
	},
	{
		entity_name="Zs/NPC/Shipdealer/01/P/Stand",
		type=MARKER,
		template_name="",
		lt_grp=0,
		srt_grp=0,
		usr_flg=0,
		spatialprops={
			pos={
				-58.130798,
				0,
				-66.341576
			},
			orient={
				{
					0.066319,
					0,
					0.997798
				},
				{
					0,
					1,
					0
				},
				{
					-0.997798,
					0,
					0.066319
				}
			}
		}
	},
	{
		entity_name="Zs/NPC/Shipdealer/01/P2/Stand",
		type=MARKER,
		template_name="",
		lt_grp=0,
		srt_grp=0,
		usr_flg=0,
		spatialprops={
			pos={
				-58.130798,
				0,
				-66.341576
			},
			orient={
				{
					0.066319,
					0,
					0.997798
				},
				{
					0,
					1,
					0
				},
				{
					-0.997798,
					0,
					0.066319
				}
			}
		}
	},
	{
		entity_name="Zs/NPC/Shipdealer/01/PC2/Camera",
		type=CAMERA,
		template_name="",
		lt_grp=0,
		srt_grp=0,
		usr_flg=0,
		flags=HIDDEN,
		spatialprops={
			pos={
				-56.993904,
				1.454136,
				-67.7929
			},
			orient={
				{
					-0.939943,
					0,
					-0.341332
				},
				{
					-0.006461,
					0.999821,
					0.017793
				},
				{
					0.341271,
					0.01893,
					-0.939774
				}
			}
		},
		cameraprops={
			fovh=29.999996,
			hvaspect=1.85,
			nearplane=0.5,
			farplane=30000
		}
	},
	{
		entity_name="Zs/NPC/Shipdealer/01/PCO/Camera",
		type=CAMERA,
		template_name="",
		lt_grp=0,
		srt_grp=0,
		usr_flg=0,
		flags=HIDDEN,
		spatialprops={
