duration=24

entities={
	
	
	{
		usr_flg=0,
		type=7,
		entity_name="Zg/NPC/mFloor3/01/C/Stand",
		lt_grp=0,
		template_name="",
		spatialprops={
			pos={
				3.170803,
				1.39,
				2.078064
			},
			orient={
				{
					-0.661373,
					0,
					-0.750057
				},
				{
					0,
					1,
					0
				},
				{
					0.750057,
					0,
					-0.661373
				}
			}
		},
		srt_grp=0
	},
	{
		usr_flg=0,
		type=7,
		entity_name="Zg/NPC/mFloor3/01/B/Stand",
		lt_grp=0,
		template_name="",
		spatialprops={
			pos={
				1.936806,
				1.39,
				1.991994
			},
			orient={
				{
					-0.967008,
					0,
					0.254747
				},
				{
					0,
					1,
					0
				},
				{
					-0.254747,
					0,
					-0.967008
				}
			}
		},
		srt_grp=0
	},
	{
		usr_flg=0,
		type=7,
		entity_name="Zg/PC/Player/01/A/Stand",
		lt_grp=0,
		template_name="",
		spatialprops={
			pos={
				-5.619327,
				1.39,
				-3.631262
			},
			orient={
				{
					-0.807266,
					0,
					-0.5901880000000001
				},
				{
					0,
					1,
					0
				},
				{
					0.5901880000000001,
					0,
					-0.807266
				}
			}
		},
		srt_grp=0
	},
	{
		usr_flg=0,
		type=7,
		entity_name="Zg/NPC/rTable4/01/A/SitLow",
		lt_grp=0,
		template_name="",
		spatialprops={
			pos={
				5.027809,
				0,
				4.311401
			},
			orient={
				{
					0.004591,
					0,
					-0.999989
				},
				{
					0,
					1,
					0
				},
				{
					0.999989,
					0,
					0.004591
				}
			}
		},
		srt_grp=0
	},
	{
		usr_flg=0,
		type=7,
		entity_name="Zg/NPC/rTable4/01/B/SitLow",
		lt_grp=0,
		template_name="",
		spatialprops={
			pos={
				3.070964,
				0,
				5.068387
			},
			orient={
				{
					-0.002983,
					0,
					0.999996
				},
				{
					0,
					1,
					0
				},
				{
					-0.999996,
					0,
					-0.002983
				}
			}
		},
		srt_grp=0
	},
	{
		usr_flg=0,
		type=7,
		entity_name="Zs/NPC/Bartender/01/A/Stand",
		lt_grp=0,
		template_name="",
		spatialprops={
			pos={
				-4.916321,
				1.39,
				-0.405057
			},
			orient={
				{
					0.534184,
					0,
					-0.845368
				},
				{
					0,
					1,
					0
				},
				{
					0.845368,
					0,
					0.534184
				}
			}
		},
		srt_grp=0
	},
	{
		srt_grp=0,
		spatialprops={
			pos={
				-14.42101,
				9.089021000000001,
				10.2889
			},
			orient={
				{
					0.6403450000000001,
					0,
					0.768088
				},
				{
					0.276565,
					0.932926,
					-0.230568
				},
				{
					-0.716569,
					0.360069,
					0.597394
				}
			}
		},
		type=3,
		template_name="",
		lt_grp=0,
		entity_name="Camera_0",
		usr_flg=0,
		cameraprops={
			farplane=4000,
			fovh=29.999985,
			nearplane=0.3,
			hvaspect=1.777777
		}
	},
	{
		userprops={
			category="Room"
		},
		srt_grp=0,
		spatialprops={
			pos={
				0,
				0,
				0
			},
			orient={
				{
					1,
					0,
					0
				},
				{
					0,
					1,
					0
				},
				{
					0,
					0,
					1
				}
			}
		},
		flags=4,
		type=1,
		template_name="rh_01_bar",
		lt_grp=9,
		entity_name="Set_rh_01_Bar",
		usr_flg=0
	},
	{
		up=1,
		srt_grp=0,
		spatialprops={
			pos={
				0,
				0,
				0
			},
			orient={
				{
					1,
					0,
					0
				},
				{
					0,
					1,
					0
				},
				{
					0,
					0,
					1
				}
			}
		},
		lt_grp=0,
		template_name="",
		type=9,
		ambient={
			0,
			0,
			0
		},
		front=2,
		entity_name="Layer_rh_01_Bar_Hardpoint",
		usr_flg=0
	},
	{
		usr_flg=0,
		type=7,
		entity_name="Zg/NPC/mTable4/01/D/SitLow",
		lt_grp=0,
		template_name="",
		spatialprops={
			pos={
				6.447641,
				0,
				4.319846
			},
			orient={
				{
					0.0007780000000000002,
					0,
					1
				},
				{
					0,
					1,
					0
				},
				{
					-1,
					0,
					0.0007780000000000002
				}
			}
		},
		srt_grp=0
	},
	{
		usr_flg=0,
		type=7,
		entity_name="Zg/NPC/mTable4/01/C/SitLow",
		lt_grp=0,
		template_name="",
		spatialprops={
			pos={
				8.396424,
				0,
				4.277815
			},
			orient={
				{
					-0.008127000000000001,
					0,
					-0.9999670000000001
				},
				{
					0,
					1,
					0
				},
				{
					0.9999670000000001,
					0,
					-0.008127000000000001
				}
			}
		},
		srt_grp=0
	},
	{
		usr_flg=0,
		type=7,
		entity_name="Zg/NPC/mTable4/02/C/SitLow",
		lt_grp=0,
		template_name="",
		spatialprops={
			pos={
				1.381655,
				0,
				5.066282
			},
			orient={
				{
					0.001039,
					0,
					-0.999999
				},
				{
					0,
					1,
					0
				},
				{
					0.999999,
					0,
					0.001039
				}
			}
		},
		srt_grp=0
	},
	{
		usr_flg=0,
		type=7,
		entity_name="Zg/NPC/mFloor2/02/A/Stand",
		lt_grp=0,
		template_name="",
		spatialprops={
			pos={
				-0.642273,
				1.39,
				2.066663
			},
			orient={
				{
					-0.45465,
					0,
					-0.89067
				},
				{
					0,
					1,
					0
				},
				{
					0.89067,
					0,
					-0.45465
				}
			}
		},
		srt_grp=0
	},
	{
		usr_flg=0,
		type=7,
		entity_name="Zg/NPC/mFloor2/02/B/Stand",
		lt_grp=0,
		template_name="",
		spatialprops={
			pos={
				-1.553396,
				1.39,
				1.750134
			},
			orient={
				{
					-0.9971870000000001,
					0,
					-0.07495200000000001
				},
				{
					0,
					1,
					0
				},
				{
					0.07495200000000001,
					0,
					-0.9971870000000001
				}
			}
		},
		srt_grp=0
	},
	{
		usr_flg=0,
		type=7,
		entity_name="Zg/NPC/mFloor2/01/A/Stand",
		lt_grp=0,
		template_name="",
		spatialprops={
			pos={
				-3.960477,
				1.389999,
				2.602749
			},
			orient={
				{
					0.066292,
					0,
					-0.9978
				},
				{
					0,
					1,
					0
				},
				{
					0.9978,
					0,
					0.066292
				}
			}
		},
		srt_grp=0
	},
	{
		srt_grp=0,
		spatialprops={
			pos={
				-1.494083,
				4.42837,
				4.676234
			},
			orient={
				{
					0.85772,
					0,
					0.5141170000000001
				},
				{
					0.15307,
					0.954649,
					-0.255372
				},
				{
					-0.490801,
					0.297734,
					0.818821
				}
			}
		},
		type=3,
		template_name="",
		lt_grp=0,
		entity_name="Camera_Mission",
		usr_flg=0,
		cameraprops={
			farplane=4000,
			fovh=29.999971,
			nearplane=0.3,
			hvaspect=1.777777
		}
	},
	{
		usr_flg=0,
		type=7,
		entity_name="Zg/NPC/mFloor3/01/A/Stand",
		lt_grp=0,
		template_name="",
		spatialprops={
			pos={
				3.176317,
				1.39,
				2.952777
			},
			orient={
				{
					-0.021729,
					0,
					-0.999764
				},
				{
					0,
					1,
					0
				},
				{
					0.999764,
					0,
					-0.021729
				}
			}
		},
		srt_grp=0
	},
	{
		usr_flg=0,
		type=7,
		entity_name="Zg/NPC/mFloor2/01/B/Stand",
		lt_grp=0,
		template_name="",
		spatialprops={
			pos={
				-4.32424,
				1.389999,
				1.858349
			},
			orient={
				{
					-0.862543,
					0,
					-0.505984
				},
				{
					0,
					1,
					0
				},
				{
					0.505984,
					0,
					-0.862543
				}
			}
		},
		srt_grp=0
	},
	{
		usr_flg=0,
		type=7,
		entity_name="Zg/NPC/mTable4/01/B/SitLow",
		lt_grp=0,
		template_name="",
		spatialprops={
			pos={
				6.44817,
				0,
				5.082033
			},
			orient={
				{
					-0.000653,
					0,
					1
				},
				{
					0,
					1,
					0
				},
				{
					-1,
					0,
					-0.000653
				}
			}
		},
		srt_grp=0
	},
	{
		usr_flg=0,
		type=7,
		entity_name="Zg/NPC/mTable4/01/A/SitLow",
		lt_grp=0,
		template_name="",
		spatialprops={
			pos={
				8.398146000000001,
				0,
				5.041631
			},
			orient={
				{
					0.001467,
					0,
					-0.999999
				},
				{
					0,
					1,
					0
				},
				{
					0.999999,
					0,
					0.001467
				}
			}
		},
		srt_grp=0
	},
	{
		usr_flg=0,
		type=7,
		entity_name="Zg/NPC/rTable4/01/C/SitLow",
		lt_grp=0,
		template_name="",
		spatialprops={
			pos={
				5.027391,
				0,
				5.075009
			},
			orient={
				{
					-0.006805,
					0,
					-0.999977
				},
				{
					0,
					1,
					0
				},
				{
					0.999977,
					0,
					-0.006805
				}
			}
		},
		srt_grp=0
	},
	{
		usr_flg=0,
		type=7,
		entity_name="Zg/NPC/rTable4/01/D/SitLow",
		lt_grp=0,
		template_name="",
		spatialprops={
			pos={
				3.072137,
				0,
				4.298792
			},
			orient={
				{
					-0.003937,
					0,
					0.999992
				},
				{
					0,
					1,
					0
				},
				{
					-0.999992,
					0,
					-0.003937
				}
			}
		},
		srt_grp=0
	},
	{
		usr_flg=0,
		type=7,
		entity_name="Zg/NPC/mTable4/02/D/SitLow",
		lt_grp=0,
		template_name="",
		spatialprops={
			pos={
				-0.567562,
				0,
				5.082257
			},
			orient={
				{
					-0.003004,
					0,
					0.999996
				},
				{
					0,
					1,
					0
				},
				{
					-0.999996,
					0,
					-0.003004
				}
			}
		},
		srt_grp=0
	},
	{
		usr_flg=0,
		type=7,
		entity_name="Zg/NPC/mTable4/02/A/SitLow",
		lt_grp=0,
		template_name="",
		spatialprops={
			pos={
				1.38135,
				0,
				4.491548
			},
			orient={
				{
					0.002415,
					0,
					-0.999997
				},
				{
					0,
					1,
					0
				},
				{
					0.999997,
					0,
					0.002415
				}
			}
		},
		srt_grp=0
	},
	{
		usr_flg=0,
		type=7,
		entity_name="Zg/NPC/mTable4/02/B/SitLow",
		lt_grp=0,
		template_name="",
		spatialprops={
			pos={
				-0.566713,
				0,
				4.318789
			},
			orient={
				{
					-0.002869,
					0,
					0.999996
				},
				{
					0,
					1,
					0
				},
				{
					-0.999996,
					0,
					-0.002869
				}
			}
		},
		srt_grp=0
	},
	{
		usr_flg=0,
		type=7,
		entity_name="Zg/NPC/mTable4/03/A/SitLow",
		lt_grp=0,
		template_name="",
		spatialprops={
			pos={
				-2.48191,
				0,
				5.078387
			},
			orient={
				{
					-0.006781,
					0,
					-0.999977
				},
				{
					0,
					1,
					0
				},
				{
					0.999977,
					0,
					-0.006781
				}
			}
		},
		srt_grp=0
	},
	{
		usr_flg=0,
		type=7,
		entity_name="Zg/NPC/mTable4/03/D/SitLow",
		lt_grp=0,
		template_name="",
		spatialprops={
			pos={
				-4.434441,
				0,
				4.368974
			},
			orient={
				{
					-0.003354,
					0,
					0.9999940000000001
				},
				{
					0,
					1,
					0
				},
				{
					-0.9999940000000001,
					0,
					-0.003354
				}
			}
		},
		srt_grp=0
	},
	{
		usr_flg=0,
		type=7,
		entity_name="Zg/NPC/mTable4/03/C/SitLow",
		lt_grp=0,
		template_name="",
		spatialprops={
			pos={
				-2.48606,
				0,
				4.316308
			},
			orient={
				{
					-0.007404,
					0,
					-0.999973
				},
				{
					0,
					1,
					0
				},
				{
					0.999973,
					0,
					-0.007404
				}
			}
		},
		srt_grp=0
	},
	{
		usr_flg=0,
		type=7,
		entity_name="Zg/NPC/mTable4/03/B/SitLow",
		lt_grp=0,
		template_name="",
		spatialprops={
			pos={
				-4.436724,
				0,
				5.127764
			},
			orient={
				{
					-0.004143,
					0,
					0.999991
				},
				{
					0,
					1,
					0
				},
				{
					-0.999991,
					0,
					-0.004143
				}
			}
		},
		srt_grp=0
	},
	{
		usr_flg=0,
		type=7,
		entity_name="Zg/NPC/rTable3/02/A/SitLow",
		lt_grp=0,
		template_name="",
		spatialprops={
			pos={
				-3.194202,
				0,
				-8.281751999999999
			},
			orient={
				{
					-0.001695,
					0,
					-0.999999
				},
				{
					0,
					1,
					0
				},
				{
					0.999999,
					0,
					-0.001695
				}
			}
		},
		srt_grp=0
	},
	{
		usr_flg=0,
		type=7,
		entity_name="Zg/NPC/rTable3/02/B/SitLow",
		lt_grp=0,
		template_name="",
		spatialprops={
			pos={
				-5.148412,
				0,
				-8.214601999999999
			},
			orient={
				{
					-0.000589,
					0,
					1
				},
				{
					0,
					1,
					0
				},
				{
					-1,
					0,
					-0.000589
				}
			}
		},
		srt_grp=0
	},
	{
		usr_flg=0,
		type=7,
		entity_name="Zg/NPC/rTable3/02/C/SitLow",
		lt_grp=0,
		template_name="",
		spatialprops={
			pos={
				-3.191647,
				0,
				-9.032436000000001
			},
			orient={
				{
					0.008965000000000001,
					0,
					-0.99996
				},
				{
					0,
					1,
					0
				},
				{
					0.99996,
					0,
					0.008965000000000001
				}
			}
		},
		srt_grp=0
	},
	{
		usr_flg=0,
		type=7,
		entity_name="Zg/NPC/rTable3/01/A/SitLow",
		lt_grp=0,
		template_name="",
		spatialprops={
			pos={
				-2.280113,
				0,
				-9.102054000000001
			},
			orient={
				{
					0.000677,
					0,
					1
				},
				{
					0,
					1,
					0
				},
				{
					-1,
					0,
					0.000677
				}
			}
		},
		srt_grp=0
	},
	{
		usr_flg=0,
		type=7,
		entity_name="Zg/NPC/rTable3/01/B/SitLow",
		lt_grp=0,
		template_name="",
		spatialprops={
			pos={
				-0.329338,
				0,
				-9.179978999999999
			},
			orient={
				{
					-0.002863,
					0,
					-0.999996
				},
				{
					0,
					1,
					0
				},
				{
					0.999996,
					0,
					-0.002863
				}
			}
		},
		srt_grp=0
	},
	{
		usr_flg=0,
		type=7,
		entity_name="Zg/NPC/rTable3/01/C/SitLow",
		lt_grp=0,
		template_name="",
		spatialprops={
			pos={
				-2.275936,
				0,
				-8.352454
			},
			orient={
				{
					0.011603,
					0,
					0.999933
				},
				{
					0,
					1,
					0
				},
				{
					-0.999933,
					0,
					0.011603
				}
			}
		},
		srt_grp=0
	},
	{
		srt_grp=0,
		spatialprops={
			pos={
				-0.592473,
				1.90229,
				6.230963
			},
			orient={
				{
					0.803824,
					0,
					0.594868
				},
				{
					0.221062,
					0.928387,
					-0.298713
				},
				{
					-0.552267,
					0.371615,
					0.746259
				}
			}
		},
		flags=16,
		type=3,
		template_name="",
		lt_grp=0,
		entity_name="Zs/NPC/mTable4/02/ACOH/Camera",
		usr_flg=0,
		cameraprops={
			farplane=4000,
			fovh=20,
			nearplane=0.3,
			hvaspect=1.85
		}
	},
	{
		srt_grp=0,
		spatialprops={
			pos={
				-0.5483940000000001,
				1.413509,
				6.591359
			},
			orient={
				{
					0.849979,
					0,
					0.526817
				},
				{
					0.098413,
					0.982397,
					-0.158782
				},
				{
					-0.517543,
					0.186807,
					0.835016
				}
			}
		},
		flags=16,
		type=3,
		template_name="",
		lt_grp=0,
		entity_name="Zs/NPC/mTable4/02/ACOL/Camera",
		usr_flg=0,
		cameraprops={
			farplane=4000,
			fovh=20,
			nearplane=0.3,
			hvaspect=1.85
		}
	},
	{
		srt_grp=0,
		spatialprops={
			pos={
				0.156271,
				1.282047,
				5.543588
			},
			orient={
				{
					0.756861,
					0,
					0.653575
				},
				{
					0.074851,
					0.99342,
					-0.08667900000000001
				},
				{
					-0.6492750000000001,
					0.114525,
					0.7518820000000001
				}
			}
		},
		flags=16,
		type=3,
		template_name="",
		lt_grp=0,
		entity_name="Zs/NPC/mTable4/02/ACS/Camera",
		usr_flg=0,
		cameraprops={
			farplane=4000,
			fovh=20,
			nearplane=0.3,
			hvaspect=1.85
		}
	},
	{
		srt_grp=0,
		spatialprops={
			pos={
				0.664276,
				1.291458,
				5.157649
			},
			orient={
				{
					0.817731,
					0,
					0.5756
				},
				{
					0.051725,
					0.995954,
					-0.07348300000000001
				},
				{
					-0.573271,
					0.089862,
					0.814423
				}
			}
		},
		flags=16,
		type=3,
		template_name="",
		lt_grp=0,
		entity_name="Zs/NPC/mTable4/02/ACU/Camera",
		usr_flg=0,
		cameraprops={
			farplane=4000,
			fovh=20,
			nearplane=0.3,
			hvaspect=1.85
		}
	},
	{
		srt_grp=0,
		spatialprops={
			pos={
				2.503139,
				1.426418,
				6.06411
			},
			orient={
				{
					0.507817,
					0,
					-0.861465
				},
				{
					-0.116863,
					0.990756,
					-0.06888800000000001
				},
				{
					0.853502,
					0.135656,
					0.503122
				}
			}
		},
		flags=16,
		type=3,
		template_name="",
		lt_grp=0,
		entity_name="Zs/NPC/mTable4/02/PC2/Camera",
		usr_flg=0,
		cameraprops={
			farplane=4000,
			fovh=30,
			nearplane=0.3,
			hvaspect=1.85
		}
	},
	{
		srt_grp=0,
		spatialprops={
			pos={
				1.945319,
				1.18641,
				4.453641
			},
			orient={
				{
					-0.307291,
					0,
					-0.951616
				},
				{
					0.067396,
					0.997489,
					-0.021763
				},
				{
					0.949226,
					-0.070822,
					-0.306519
				}
			}
		},
		flags=16,
		type=3,
		template_name="",
		lt_grp=0,
		entity_name="Zs/NPC/mTable4/02/PCO/Camera",
		usr_flg=0,
		cameraprops={
			farplane=4000,
			fovh=20,
			nearplane=0.3,
			hvaspect=1.85
		}
	},
	{
		srt_grp=0,
		spatialprops={
			pos={
				1.183149,
				1.439658,
				4.99389
			},
			orient={
				{
					-0.254405,
					0,
					-0.967098
				},
				{
					0.060304,
					0.998054,
					-0.015864
				},
				{
					0.965216,
					-0.062356,
					-0.25391
				}
			}
		},
		flags=16,
		type=3,
		template_name="",
		lt_grp=0,
		entity_name="Zs/NPC/mTable4/02/PCS/Camera",
		usr_flg=0,
		cameraprops={
			farplane=4000,
			fovh=20,
			nearplane=0.3,
			hvaspect=1.85
		}
	},
	{
		srt_grp=0,
		spatialprops={
			pos={
				0.54267,
				1.554234,
				5.230842
			},
			orient={
				{
					-0.309248,
					0,
					-0.950981
				},
				{
					0.088181,
					0.995692,
					-0.028675
				},
				{
					0.946884,
					-0.092726,
					-0.307916
				}
			}
		},
		flags=16,
		type=3,
		template_name="",
		lt_grp=0,
		entity_name="Zs/NPC/mTable4/02/PCU/Camera",
		usr_flg=0,
		cameraprops={
			farplane=4000,
			fovh=20,
			nearplane=0.3,
			hvaspect=1.85
		}
	},
	{
		srt_grp=0,
		spatialprops={
			pos={
				3.376765,
				3.367063,
				5.295629
			},
			orient={
				{
					0.216754,
					-0.255919,
					-0.942085
				},
				{
					-0.536944,
					0.77469,
					-0.333985
				},
				{
					0.8152970000000001,
					0.578239,
					0.030503
				}
			}
		},
		flags=16,
		type=3,
		template_name="",
		lt_grp=0,
		entity_name="Zs/NPC/mTable4/02/WFC/Camera",
		usr_flg=0,
		cameraprops={
			farplane=4000,
			fovh=30,
			nearplane=0.3,
			hvaspect=1.85
		}
	},
	{
		usr_flg=0,
		type=7,
		entity_name="Zs/NPC/mTable4/02/P/Stand",
		lt_grp=0,
		template_name="",
		spatialprops={
			pos={
				-0.826994,
				0,
				5.846155
			},
			orient={
				{
					0.360496,
					0,
					0.932761
				},
				{
					0,
					1,
					0
				},
				{
					-0.932761,
					0,
					0.360496
				}
			}
		},
		srt_grp=0
	},
	{
		usr_flg=0,
		type=7,
		entity_name="Zs/NPC/mTable4/02/P2/Stand",
		lt_grp=0,
		template_name="",
		spatialprops={
			pos={
				-0.363705,
				0,
				5.62379
			},
			orient={
				{
					0.360496,
					0,
					0.932761
				},
				{
					0,
					1,
					0
				},
				{
					-0.932761,
					0,
					0.360496
				}
			}
		},
		srt_grp=0
	},
	{
		srt_grp=0,
		spatialprops={
			pos={
				0.574972,
				1.610038,
				7.179872
			},
			orient={
				{
					0.990424,
					0,
					-0.138056
				},
				{
					-0.021173,
					0.98817,
					-0.151894
				},
				{
					0.136423,
					0.153363,
					0.978708
				}
			}
		},
		flags=16,
		type=3,
		template_name="",
		lt_grp=0,
		entity_name="Zs/NPC/mTable4/02/AC2/Camera",
		usr_flg=0,
		cameraprops={
			farplane=4000,
			fovh=30,
			nearplane=0.3,
			hvaspect=1.85
		}
	},
	{
		srt_grp=0,
		spatialprops={
			pos={
				-0.08543199999999999,
				2.372503,
				5.805265
			},
			orient={
				{
					0.8981,
					0,
					0.439791
				},
				{
					0.323474,
					0.6775060000000001,
					-0.660568
				},
				{
					-0.297961,
					0.735517,
					0.608469
				}
			}
		},
		flags=16,
		type=3,
		template_name="",
		lt_grp=0,
		entity_name="Zs/NPC/mTable4/02/TCI/Camera",
		usr_flg=0,
		cameraprops={
			farplane=4000,
			fovh=15,
			nearplane=0.3,
			hvaspect=1.85
		}
	},
	{
		usr_flg=0,
		type=7,
		entity_name="Zs/NPC/mTable4/02/Prop",
		lt_grp=0,
		template_name="",
		spatialprops={
			pos={
				0.552717,
				0.797231,
				4.502096
			},
			orient={
				{
					0.777799,
					0,
					0.628514
				},
				{
					0,
					1,
					0
				},
				{
					-0.628514,
					0,
					0.777799
				}
			}
		},
		srt_grp=0
	},
	{
		srt_grp=0,
		spatialprops={
			pos={
				7.270763,
				1.639233,
				7.277821
			},
			orient={
				{
					0.9998,
					0,
					0.019994
				},
				{
					0.003411,
					0.9853380000000001,
					-0.170579
				},
				{
					-0.019701,
					0.170613,
					0.985141
				}
			}
		},
		flags=16,
		type=3,
		template_name="",
		lt_grp=0,
		entity_name="Zs/NPC/mTable4/01/AC2/Camera",
		usr_flg=0,
		cameraprops={
			farplane=4000,
			fovh=30,
			nearplane=0.3,
			hvaspect=1.85
		}
	},
	{
		srt_grp=0,
		spatialprops={
			pos={
				6.246977,
				1.952229,
				6.214964
			},
			orient={
				{
					0.652496,
					0,
					0.757792
				},
				{
					0.307117,
					0.914193,
					-0.264443
				},
				{
					-0.6927680000000001,
					0.405279,
					0.596507
				}
			}
		},
		flags=16,
		type=3,
		template_name="",
		lt_grp=0,
		entity_name="Zs/NPC/mTable4/01/ACOH/Camera",
		usr_flg=0,
		cameraprops={
			farplane=4000,
			fovh=20,
			nearplane=0.3,
			hvaspect=1.85
		}
	},
	{
		srt_grp=0,
		spatialprops={
			pos={
				6.174394,
				1.460713,
				6.696754
			},
			orient={
				{
					0.738281,
					0,
					0.674494
				},
				{
					0.13164,
					0.98077,
					-0.14409
				},
				{
					-0.661523,
					0.195169,
					0.724083
				}
			}
		},
		flags=16,
		type=3,
		template_name="",
		lt_grp=0,
		entity_name="Zs/NPC/mTable4/01/ACOL/Camera",
		usr_flg=0,
		cameraprops={
			farplane=4000,
			fovh=20,
			nearplane=0.3,
			hvaspect=1.85
		}
	},
	{
		srt_grp=0,
		spatialprops={
			pos={
				6.986344,
				1.282298,
				5.794386
			},
			orient={
				{
					0.596004,
					0,
					0.8029809999999999
				},
				{
					0.08822000000000001,
					0.993946,
					-0.06548
				},
				{
					-0.7981200000000001,
					0.109866,
					0.592396
				}
			}
		},
		flags=16,
		type=3,
		template_name="",
		lt_grp=0,
		entity_name="Zs/NPC/mTable4/01/ACS/Camera",
		usr_flg=0,
		cameraprops={
			farplane=4000,
			fovh=20,
			nearplane=0.3,
			hvaspect=1.85
		}
	},
	{
		srt_grp=0,
		spatialprops={
			pos={
				7.563421,
				1.305849,
				5.536455
			},
			orient={
				{
					0.656361,
					0,
					0.754447
				},
				{
					0.080564,
					0.994282,
					-0.07009
				},
				{
					-0.7501330000000001,
					0.106785,
					0.652608
				}
			}
		},
		flags=16,
		type=3,
		template_name="",
		lt_grp=0,
		entity_name="Zs/NPC/mTable4/01/ACU/Camera",
		usr_flg=0,
		cameraprops={
			farplane=4000,
			fovh=20,
			nearplane=0.3,
			hvaspect=1.85
		}
	},
	{
		srt_grp=0,
		spatialprops={
			pos={
				9.049776,
				1.387442,
				6.74898
			},
			orient={
				{
					0.719432,
					0,
					-0.694563
				},
				{
					-0.07299799999999999,
					0.994462,
					-0.075612
				},
				{
					0.690717,
					0.105099,
					0.7154470000000001
				}
			}
		},
		flags=16,
		type=3,
		template_name="",
		lt_grp=0,
		entity_name="Zs/NPC/mTable4/01/PC2/Camera",
		usr_flg=0,
		cameraprops={
			farplane=4000,
			fovh=30,
			nearplane=0.3,
			hvaspect=1.85
		}
	},
	{
		usr_flg=0,
		type=7,
		entity_name="Zs/NPC/mTable4/01/P/Stand",
		lt_grp=0,
		template_name="",
		spatialprops={
			pos={
				6.109061,
				0,
				5.794654
			},
			orient={
				{
					0.196965,
					0,
					0.98041
				},
				{
					0,
					1,
					0
				},
				{
					-0.98041,
					0,
					0.196965
				}
			}
		},
		srt_grp=0
	},
	{
		usr_flg=0,
		type=7,
		entity_name="Zs/NPC/mTable4/01/P2/Stand",
		lt_grp=0,
		template_name="",
		spatialprops={
			pos={
				6.603368,
				0,
				5.65414
			},
			orient={
				{
					0.196965,
					0,
					0.98041
				},
				{
					0,
					1,
					0
				},
				{
					-0.98041,
					0,
					0.196965
				}
			}
		},
		srt_grp=0
	},
	{
		srt_grp=0,
		spatialprops={
			pos={
				8.948214,
				1.161323,
				5.199007
			},
			orient={
				{
					-0.031118,
					0,
					-0.999516
				},
				{
					0.100154,
					0.9949670000000001,
					-0.003118
				},
				{
					0.994485,
					-0.100203,
					-0.030961
				}
			}
		},
		flags=16,
		type=3,
		template_name="",
		lt_grp=0,
		entity_name="Zs/NPC/mTable4/01/PCO/Camera",
		usr_flg=0,
		cameraprops={
			farplane=4000,
			fovh=20,
			nearplane=0.3,
			hvaspect=1.85
		}
	},
	{
		srt_grp=0,
		spatialprops={
			pos={
				8.262139,
				1.440276,
				5.374176
			},
			orient={
				{
					-0.043235,
					0,
					-0.999065
				},
				{
					0.048922,
					0.9988,
					-0.002117
				},
				{
					0.997866,
					-0.048968,
					-0.043183
				}
			}
		},
		flags=16,
		type=3,
		template_name="",
		lt_grp=0,
		entity_name="Zs/NPC/mTable4/01/PCS/Camera",
		usr_flg=0,
		cameraprops={
			farplane=4000,
			fovh=20,
			nearplane=0.3,
			hvaspect=1.85
		}
	},
	{
		srt_grp=0,
		spatialprops={
			pos={
				7.603187,
				1.558686,
				5.492185
			},
			orient={
				{
					-0.052677,
					0,
					-0.9986120000000001
				},
				{
					0.083329,
					0.996512,
					-0.004396
				},
				{
					0.995129,
					-0.08344500000000001,
					-0.052493
				}
			}
		},
		flags=16,
		type=3,
		template_name="",
		lt_grp=0,
		entity_name="Zs/NPC/mTable4/01/PCU/Camera",
		usr_flg=0,
		cameraprops={
			farplane=4000,
			fovh=20,
			nearplane=0.3,
			hvaspect=1.85
		}
	},
	{
		srt_grp=0,
		spatialprops={
			pos={
				6.940822,
				2.175344,
				6.03178
			},
			orient={
				{
					0.805823,
					0,
					0.592157
				},
				{
					0.431701,
					0.68448,
					-0.5874700000000001
				},
				{
					-0.40532,
					0.729032,
					0.551569
				}
			}
		},
		flags=16,
		type=3,
		template_name="",
		lt_grp=0,
		entity_name="Zs/NPC/mTable4/01/TCI/Camera",
		usr_flg=0,
		cameraprops={
			farplane=4000,
			fovh=15,
			nearplane=0.3,
			hvaspect=1.85
		}
	},
	{
		usr_flg=0,
		type=7,
		entity_name="Zs/NPC/mTable4/01/Prop",
		lt_grp=0,
		template_name="",
		spatialprops={
			pos={
				7.707057,
				0.797148,
				4.989068
			},
			orient={
				{
					0.525257,
					0,
					0.850944
				},
				{
					0,
					1,
					0
				},
				{
					-0.850944,
					0,
					0.525257
				}
			}
		},
		srt_grp=0
	},
	{
		srt_grp=0,
		spatialprops={
			pos={
				13.193109,
				4.156247,
				9.998392000000001
			},
			orient={
				{
					0.558486,
					-0.156627,
					-0.814593
				},
				{
					-0.119071,
					0.956706,
					-0.265587
				},
				{
					0.820923,
					0.245321,
					0.515657
				}
			}
		},
		flags=16,
		type=3,
		template_name="",
		lt_grp=0,
		entity_name="Zs/NPC/mTable4/01/WFC/Camera",
		usr_flg=0,
		cameraprops={
			farplane=4000,
			fovh=30,
			nearplane=0.3,
			hvaspect=1.85
		}
	},
	{
		usr_flg=0,
		type=7,
		entity_name="Zs/NPC/mTable4/03/Prop",
		lt_grp=0,
		template_name="",
		spatialprops={
			pos={
				-3.235085,
				0.796932,
				5.069416
			},
			orient={
				{
					0.5970220000000001,
					0,
					0.802225
				},
				{
					0,
					1,
					0
				},
				{
					-0.802225,
					0,
					0.5970220000000001
				}
			}
		},
		srt_grp=0
	}
	,
	{
		usr_flg=0,
		type=7,
		entity_name="Zs/NPC/mTable4/03/P/Stand",
		lt_grp=0,
		template_name="",
		spatialprops={
			pos={
				-4.650192,
				0,
				5.921974
			},
			orient={
				{
					0.283021,
					0,
					0.959114
				},
				{
					0,
					1,
					0
				},
				{
					-0.959114,
					0,
					0.283021
				}
			}
		},
		srt_grp=0
	},
	{
		usr_flg=0,
		type=7,
		entity_name="Zs/NPC/mTable4/03/P2/Stand",
		lt_grp=0,
		template_name="",
		spatialprops={
			pos={
				-4.170272,
				0,
				5.738234
			},
			orient={
				{
					0.283021,
					0,
					0.959114
				},
				{
					0,
					1,
					0
				},
				{
					-0.959114,
					0,
					0.283021
				}
			}
		},
		srt_grp=0
	},
	{
		srt_grp=0,
		spatialprops={
			pos={
				-3.400409,
				1.767668,
				7.366509
			},
			orient={
				{
					0.999087,
					0,
					-0.042731
				},
				{
					-0.010876,
					0.967068,
					-0.254287
				},
				{
					0.041323,
					0.254519,
					0.966184
				}
			}
		},
		flags=16,
		type=3,
		template_name="",
		lt_grp=0,
		entity_name="Zs/NPC/mTable4/03/AC2/Camera",
		usr_flg=0,
		cameraprops={
			farplane=4000,
			fovh=30,
			nearplane=0.3,
			hvaspect=1.85
		}
	},
	{
		srt_grp=0,
		spatialprops={
			pos={
				-4.481139,
				1.925528,
				6.242308
			},
			orient={
				{
					0.672162,
					0,
					0.740404
				},
				{
					0.30162,
					0.913262,
					-0.273821
				},
				{
					-0.676183,
					0.407373,
					0.61386
				}
			}
		},
		flags=16,
		type=3,
		template_name="",
		lt_grp=0,
		entity_name="Zs/NPC/mTable4/03/ACOH/Camera",
		usr_flg=0,
		cameraprops={
			farplane=4000,
			fovh=20,
			nearplane=0.3,
			hvaspect=1.85
		}
	},
	{
		srt_grp=0,
		spatialprops={
			pos={
				-4.502951,
				1.389667,
				6.608519
			},
			orient={
				{
					0.742694,
					0,
					0.669631
				},
				{
					0.113462,
					0.985541,
					-0.125842
				},
				{
					-0.659949,
					0.169439,
					0.731955
				}
			}
		},
		flags=16,
		type=3,
		template_name="",
		lt_grp=0,
		entity_name="Zs/NPC/mTable4/03/ACOL/Camera",
		usr_flg=0,
		cameraprops={
			farplane=4000,
			fovh=20,
			nearplane=0.3,
			hvaspect=1.85
		}
	},
	{
		srt_grp=0,
		spatialprops={
			pos={
				-3.802858,
				1.317306,
				5.963708
			},
			orient={
				{
					0.683976,
					0,
					0.729505
				},
				{
					0.098576,
					0.990828,
					-0.09242400000000001
				},
				{
					-0.722814,
					0.135128,
					0.677702
				}
			}
		},
		flags=16,
		type=3,
		template_name="",
		lt_grp=0,
		entity_name="Zs/NPC/mTable4/03/ACS/Camera",
		usr_flg=0,
		cameraprops={
			farplane=4000,
			fovh=20,
			nearplane=0.3,
			hvaspect=1.85
		}
	},
	{
		srt_grp=0,
		spatialprops={
			pos={
				-3.307672,
				1.356544,
				5.624416
			},
			orient={
				{
					0.700019,
					0,
					0.714124
				},
				{
					0.120935,
					0.985556,
					-0.118547
				},
				{
					-0.703809,
					0.169348,
					0.689909
				}
			}
		},
		flags=16,
		type=3,
		template_name="",
		lt_grp=0,
		entity_name="Zs/NPC/mTable4/03/ACU/Camera",
		usr_flg=0,
		cameraprops={
			farplane=4000,
			fovh=20,
			nearplane=0.3,
			hvaspect=1.85
		}
	},
	{
		srt_grp=0,
		spatialprops={
			pos={
				-1.759664,
				1.425926,
				6.615154
			},
			orient={
				{
					0.653994,
					0,
					-0.7565
				},
				{
					-0.090319,
					0.992847,
					-0.078081
				},
				{
					0.751089,
					0.119391,
					0.649316
				}
			}
		},
		flags=16,
		type=3,
		template_name="",
		lt_grp=0,
		entity_name="Zs/NPC/mTable4/03/PC2/Camera",
		usr_flg=0,
		cameraprops={
			farplane=4000,
			fovh=30,
			nearplane=0.3,
			hvaspect=1.85
		}
	},
	{
		srt_grp=0,
		spatialprops={
			pos={
				-1.942011,
				1.162724,
				5.179523
			},
			orient={
				{
					-0.083393,
					0,
					-0.996517
				},
				{
					0.112748,
					0.993579,
					-0.009435000000000001
				},
				{
					0.9901180000000001,
					-0.113142,
					-0.082858
				}
			}
		},
		flags=16,
		type=3,
		template_name="",
		lt_grp=0,
		entity_name="Zs/NPC/mTable4/03/PCO/Camera",
		usr_flg=0,
		cameraprops={
			farplane=4000,
			fovh=20,
			nearplane=0.3,
			hvaspect=1.85
		}
	},
	{
		srt_grp=0,
		spatialprops={
			pos={
				-2.539072,
				1.403892,
				5.421962
			},
			orient={
				{
					-0.057388,
					0,
					-0.998352
				},
				{
					0.086882,
					0.996206,
					-0.004994
				},
				{
					0.994564,
					-0.08702500000000001,
					-0.05717
				}
			}
		},
		flags=16,
		type=3,
		template_name="",
		lt_grp=0,
		entity_name="Zs/NPC/mTable4/03/PCS/Camera",
		usr_flg=0,
		cameraprops={
			farplane=4000,
			fovh=20,
			nearplane=0.3,
			hvaspect=1.85
		}
	},
	{
		srt_grp=0,
		spatialprops={
			pos={
				-3.187922,
				1.546475,
				5.503916
			},
			orient={
				{
					-0.127216,
					0,
					-0.991875
				},
				{
					0.094862,
					0.995416,
					-0.012167
				},
				{
					0.987328,
					-0.095639,
					-0.126633
				}
			}
		},
		flags=16,
		type=3,
		template_name="",
		lt_grp=0,
		entity_name="Zs/NPC/mTable4/03/PCU/Camera",
		usr_flg=0,
		cameraprops={
			farplane=4000,
			fovh=20,
			nearplane=0.3,
			hvaspect=1.85
		}
	},
	{
		srt_grp=0,
		spatialprops={
			pos={
				-4.021302,
				1.951629,
				6.1724
			},
			orient={
				{
					0.814302,
					0,
					0.580442
				},
				{
					0.376558,
					0.761007,
					-0.528273
				},
				{
					-0.44172,
					0.648743,
					0.6196890000000001
				}
			}
		},
		flags=16,
		type=3,
		template_name="",
		lt_grp=0,
		entity_name="Zs/NPC/mTable4/03/TCI/Camera",
		usr_flg=0,
		cameraprops={
			farplane=4000,
			fovh=15,
			nearplane=0.3,
			hvaspect=1.85
		}
	},
	{
		srt_grp=0,
		spatialprops={
			pos={
				-5.775628,
				0.48829,
				10.489155
			},
			orient={
				{
					0.707487,
					0.072626,
					0.702985
				},
				{
					-0.171952,
					0.982504,
					0.07155
				},
				{
					-0.685489,
					-0.1715,
					0.707596
				}
			}
		},
		flags=16,
		type=3,
		template_name="",
		lt_grp=0,
		entity_name="Zs/NPC/mTable4/03/WFC/Camera",
		usr_flg=0,
		cameraprops={
			farplane=4000,
			fovh=30,
			nearplane=0.3,
			hvaspect=1.85
		}
	},
	{
		usr_flg=0,
		type=7,
		entity_name="Zs/NPC/mFloor3/01/P2/Stand",
		lt_grp=0,
		template_name="",
		spatialprops={
			pos={
				1.862136,
				1.39,
				2.834148
			},
			orient={
				{
					-0.355976,
					0,
					0.934495
				},
				{
					0,
					1,
					0
				},
				{
					-0.934495,
					0,
					-0.355976
				}
			}
		},
		srt_grp=0
	},
	{
		usr_flg=0,
		type=7,
		entity_name="Zs/NPC/mFloor3/01/P/Stand",
		lt_grp=0,
		template_name="",
		spatialprops={
			pos={
				1.369013,
				1.39,
				2.689535
			},
			orient={
				{
					-0.355976,
					0,
					0.934495
				},
				{
					0,
					1,
					0
				},
				{
					-0.934495,
					0,
					-0.355976
				}
			}
		},
		srt_grp=0
	},
	{
		srt_grp=0,
		spatialprops={
			pos={
				1.772917,
				3.067214,
				4.316947
			},
			orient={
				{
					0.900143,
					0,
					0.435594
				},
				{
					0.073619,
					0.985614,
					-0.152133
				},
				{
					-0.429327,
					0.169009,
					0.887194
				}
			}
		},
		flags=16,
		type=3,
		template_name="",
		lt_grp=0,
		entity_name="Zs/NPC/mFloor3/01/AC2/Camera",
		usr_flg=0,
		cameraprops={
			farplane=4000,
			fovh=30,
			nearplane=0.3,
			hvaspect=1.85
		}
	},
	{
		srt_grp=0,
		spatialprops={
			pos={
				1.458564,
				3.136935,
				3.184325
			},
			orient={
				{
					0.358944,
					0,
					0.9333590000000001
				},
				{
					0.166976,
					0.983868,
					-0.06421399999999999
				},
				{
					-0.918302,
					0.178898,
					0.353153
				}
			}
		},
		flags=16,
		type=3,
		template_name="",
		lt_grp=0,
		entity_name="Zs/NPC/mFloor3/01/ACOH/Camera",
		usr_flg=0,
		cameraprops={
			farplane=4000,
			fovh=25,
			nearplane=0.3,
			hvaspect=1.85
		}
	},
	{
		srt_grp=0,
		spatialprops={
			pos={
				1.952581,
				3.034491,
				3.206409
			},
			orient={
				{
					0.372197,
					0,
					0.928154
				},
				{
					0.067258,
					0.997371,
					-0.026971
				},
				{
					-0.925713,
					0.072465,
					0.371219
				}
			}
		},
		flags=16,
		type=3,
		template_name="",
		lt_grp=0,
		entity_name="Zs/NPC/mFloor3/01/ACS/Camera",
		usr_flg=0,
		cameraprops={
			farplane=4000,
			fovh=25,
			nearplane=0.3,
			hvaspect=1.85
		}
	},
	{
		srt_grp=0,
		spatialprops={
			pos={
				2.384302,
				3.070708,
				3.104627
			},
			orient={
				{
					0.304088,
					0,
					0.9526440000000001
				},
				{
					0.031577,
					0.999451,
					-0.01008
				},
				{
					-0.95212,
					0.033147,
					0.303921
				}
			}
		},
		flags=16,
		type=3,
		template_name="",
		lt_grp=0,
		entity_name="Zs/NPC/mFloor3/01/ACU/Camera",
		usr_flg=0,
		cameraprops={
			farplane=4000,
			fovh=25,
			nearplane=0.3,
			hvaspect=1.85
		}
	},
	{
		srt_grp=0,
		spatialprops={
			pos={
				3.145491,
				3.121246,
				4.302063
			},
			orient={
				{
					0.929559,
					0,
					-0.368675
				},
				{
					-0.076958,
					0.97797,
					-0.194039
				},
				{
					0.360553,
					0.208743,
					0.909081
				}
			}
		},
		flags=16,
		type=3,
		template_name="",
		lt_grp=0,
		entity_name="Zs/NPC/mFloor3/01/PC2/Camera",
		usr_flg=0,
		cameraprops={
			farplane=4000,
			fovh=30,
			nearplane=0.3,
			hvaspect=1.85
		}
	},
	{
		srt_grp=0,
		spatialprops={
			pos={
				3.517279,
				3.166642,
				3.411359
			},
			orient={
				{
					0.5383829999999999,
					0,
					-0.8427
				},
				{
					-0.172566,
					0.978808,
					-0.110249
				},
				{
					0.824842,
					0.204778,
					0.5269740000000001
				}
			}
		},
		flags=16,
		type=3,
		template_name="",
		lt_grp=0,
		entity_name="Zs/NPC/mFloor3/01/PCO/Camera",
		usr_flg=0,
		cameraprops={
			farplane=4000,
			fovh=25,
			nearplane=0.3,
			hvaspect=1.85
		}
	},
	{
		srt_grp=0,
		spatialprops={
			pos={
				3.033581,
				3.102807,
				3.206255
			},
			orient={
				{
					0.466643,
					0,
					-0.884446
				},
				{
					-0.110884,
					0.9921100000000001,
					-0.058503
				},
				{
					0.877468,
					0.125371,
					0.462961
				}
			}
		},
		flags=16,
		type=3,
		template_name="",
		lt_grp=0,
		entity_name="Zs/NPC/mFloor3/01/PCS/Camera",
		usr_flg=0,
		cameraprops={
			farplane=4000,
			fovh=25,
			nearplane=0.3,
			hvaspect=1.85
		}
	},
	{
		srt_grp=0,
		spatialprops={
			pos={
				2.605691,
				3.117496,
				3.078342
			},
			orient={
				{
					0.41245,
					0,
					-0.91098
				},
				{
					-0.090567,
					0.995046,
					-0.041004
				},
				{
					0.906467,
					0.09941700000000001,
					0.410407
				}
			}
		},
		flags=16,
		type=3,
		template_name="",
		lt_grp=0,
		entity_name="Zs/NPC/mFloor3/01/PCU/Camera",
		usr_flg=0,
		cameraprops={
			farplane=4000,
			fovh=25,
			nearplane=0.3,
			hvaspect=1.85
		}
	},
	{
		srt_grp=0,
		spatialprops={
			pos={
				-0.226912,
				1.442461,
				6.140604
			},
			orient={
				{
					0.572095,
					0,
					0.820187
				},
				{
					-0.228503,
					0.960408,
					0.159385
				},
				{
					-0.787714,
					-0.278599,
					0.549445
				}
			}
		},
		flags=16,
		type=3,
		template_name="",
		lt_grp=0,
		entity_name="Zs/NPC/mFloor3/01/WFC/Camera",
		usr_flg=0,
		cameraprops={
			farplane=4000,
			fovh=30,
			nearplane=0.3,
			hvaspect=1.85
		}
	},
	{
		srt_grp=0,
		spatialprops={
			pos={
				-1.312137,
				3.067214,
				3.905623
			},
			orient={
				{
					1,
					0,
					0.000449
				},
				{
					7.6e-005,
					0.985614,
					-0.169009
				},
				{
					-0.000443,
					0.169009,
					0.985614
				}
			}
		},
		flags=16,
		type=3,
		template_name="",
		lt_grp=0,
		entity_name="Zs/NPC/mFloor2/02/AC2/Camera",
		usr_flg=0,
		cameraprops={
			farplane=4000,
			fovh=30,
			nearplane=0.3,
			hvaspect=1.85
		}
	},
	{
		srt_grp=0,
		spatialprops={
			pos={
				-2.088066,
				3.136935,
				3.022683
			},
			orient={
				{
					0.729359,
					0,
					0.684131
				},
				{
					0.12239,
					0.983868,
					-0.130481
				},
				{
					-0.673094,
					0.178898,
					0.717593
				}
			}
		},
		flags=16,
		type=3,
		template_name="",
		lt_grp=0,
		entity_name="Zs/NPC/mFloor2/02/ACOH/Camera",
		usr_flg=0,
		cameraprops={
			farplane=4000,
			fovh=25,
			nearplane=0.3,
			hvaspect=1.85
		}
	},
	{
		srt_grp=0,
		spatialprops={
			pos={
				-1.630985,
				3.012891,
				2.830664
			},
			orient={
				{
					0.7390290000000001,
					0,
					0.673674
				},
				{
					0.042952,
					0.997965,
					-0.047119
				},
				{
					-0.672303,
					0.063758,
					0.737525
				}
			}
		},
		flags=16,
		type=3,
		template_name="",
		lt_grp=0,
		entity_name="Zs/NPC/mFloor2/02/ACS/Camera",
		usr_flg=0,
		cameraprops={
			farplane=4000,
			fovh=25,
			nearplane=0.3,
			hvaspect=1.85
		}
	},
	{
		srt_grp=0,
		spatialprops={
			pos={
				-1.292298,
				3.066367,
				2.554283
			},
			orient={
				{
					0.697802,
					0,
					0.716291
				},
				{
					0.020617,
					0.999586,
					-0.020084
				},
				{
					-0.715994,
					0.028782,
					0.6975130000000001
				}
			}
		},
		flags=16,
		type=3,
		template_name="",
		lt_grp=0,
		entity_name="Zs/NPC/mFloor2/02/ACU/Camera",
		usr_flg=0,
		cameraprops={
			farplane=4000,
			fovh=25,
			nearplane=0.3,
			hvaspect=1.85
		}
	},
	{
		srt_grp=0,
		spatialprops={
			pos={
				-0.082832,
				3.121246,
				3.294893
			},
			orient={
				{
					0.6764750000000001,
					0,
					-0.736466
				},
				{
					-0.153732,
					0.97797,
					-0.14121
				},
				{
					0.7202420000000001,
					0.208743,
					0.6615720000000001
				}
			}
		},
		flags=16,
		type=3,
		template_name="",
		lt_grp=0,
		entity_name="Zs/NPC/mFloor2/02/PC2/Camera",
		usr_flg=0,
		cameraprops={
			farplane=4000,
			fovh=30,
			nearplane=0.3,
			hvaspect=1.85
		}
	},
	{
		srt_grp=0,
		spatialprops={
			pos={
				-0.135722,
				3.166642,
				2.33116
			},
			orient={
				{
					0.117993,
					0,
					-0.993014
				},
				{
					-0.203348,
					0.978808,
					-0.024163
				},
				{
					0.971971,
					0.204778,
					0.115493
				}
			}
		},
		flags=16,
		type=3,
		template_name="",
		lt_grp=0,
		entity_name="Zs/NPC/mFloor2/02/PCO/Camera",
		usr_flg=0,
		cameraprops={
			farplane=4000,
			fovh=25,
			nearplane=0.3,
			hvaspect=1.85
		}
	},
	{
		srt_grp=0,
		spatialprops={
			pos={
				-0.66065,
				3.069773,
				2.394573
			},
			orient={
				{
					0.057274,
					0,
					-0.998358
				},
				{
					-0.099229,
					0.995048,
					-0.005693
				},
				{
					0.9934150000000001,
					0.09939199999999999,
					0.056991
				}
